New Code	Owned: Owned outright	Owned: Owned with a mortgage or loan (inc shared)	Social rented	Private rented	Other	Year
E05000026	627	1297	1495	553	118	2001
E05000027	689	1398	1572	117	53	2001
E05000028	670	1801	1381	319	127	2001
E05000029	1091	1305	1319	173	102	2001
E05000030	1076	1830	851	164	69	2001
E05000031	686	1562	1754	186	67	2001
E05000032	418	803	2537	217	82	2001
E05000033	557	1584	1701	163	60	2001
E05000034	751	1193	2025	115	76	2001
E05000035	1240	1555	473	145	61	2001
E05000036	615	1351	1695	135	55	2001
E05000037	651	1417	1492	135	72	2001
E05000038	857	1771	996	249	51	2001
E05000039	445	1142	1937	138	62	2001
E05000040	626	1426	1486	106	62	2001
E05000041	818	1411	1683	238	63	2001
E05000042	1095	1870	536	341	38	2001
E05000043	1989	2586	543	401	131	2001
E05000044	825	2052	2269	580	156	2001
E05000045	1942	1803	1030	1826	250	2001
E05000046	1121	1613	2099	699	179	2001
E05000047	1517	2710	988	852	196	2001
E05000048	1905	2905	648	765	177	2001
E05000049	1496	2146	1442	1171	194	2001
E05000050	1814	2130	834	610	146	2001
E05000051	2151	1872	323	1182	251	2001
E05000052	2545	1893	353	1152	218	2001
E05000053	1765	1691	829	1277	188	2001
E05000054	1790	2640	887	494	144	2001
E05000055	1900	2128	749	1365	217	2001
E05000056	2176	2589	444	707	166	2001
E05000057	1966	2396	668	628	239	2001
E05000058	2187	2529	477	645	126	2001
E05000059	2147	1976	464	874	330	2001
E05000060	1688	2406	1649	373	153	2001
E05000061	1786	2044	501	1520	195	2001
E05000062	1609	1823	1050	1065	199	2001
E05000063	1881	2386	710	1267	161	2001
E05000064	1484	2058	420	181	68	2001
E05000065	1227	2187	706	421	88	2001
E05000066	1521	2182	168	163	50	2001
E05000067	1632	2167	77	185	35	2001
E05000068	1852	1934	187	145	38	2001
E05000069	1635	2096	191	337	73	2001
E05000070	1071	1786	1200	195	82	2001
E05000071	986	2091	992	313	77	2001
E05000072	1336	1886	875	236	85	2001
E05000073	1527	2028	330	279	88	2001
E05000074	1402	2018	554	156	69	2001
E05000075	887	2012	792	424	99	2001
E05000076	1601	2161	49	180	56	2001
E05000077	1396	1889	798	230	67	2001
E05000078	1561	1885	611	194	68	2001
E05000079	658	1835	1480	354	103	2001
E05000080	1380	2011	345	189	52	2001
E05000081	1815	1961	175	157	49	2001
E05000082	1333	2215	287	102	41	2001
E05000083	1660	1944	313	360	93	2001
E05000084	401	1888	1641	393	86	2001
E05000085	1047	1763	583	686	120	2001
E05000086	1253	1569	1217	709	178	2001
E05000087	1151	1416	1105	1013	165	2001
E05000088	1209	1615	753	550	118	2001
E05000089	1199	1675	919	971	184	2001
E05000090	1233	1775	618	667	126	2001
E05000091	588	1069	2454	684	165	2001
E05000092	862	1447	1204	795	138	2001
E05000093	1617	1680	241	424	88	2001
E05000094	678	1314	3164	1219	220	2001
E05000095	1004	1550	1259	1765	170	2001
E05000096	1284	1706	359	432	107	2001
E05000097	1499	1843	567	719	134	2001
E05000098	1163	1740	1162	986	160	2001
E05000099	1419	1768	446	535	120	2001
E05000100	503	1067	3711	389	196	2001
E05000101	1202	1806	774	812	151	2001
E05000102	1335	1622	404	695	120	2001
E05000103	1204	1786	907	792	169	2001
E05000104	942	1380	522	632	151	2001
E05000105	773	1171	1512	1568	160	2001
E05000106	2245	2471	410	372	86	2001
E05000107	1236	2234	157	110	41	2001
E05000108	2012	2550	929	334	90	2001
E05000109	1897	2889	743	913	151	2001
E05000110	2239	2719	271	235	79	2001
E05000111	2461	2543	458	410	124	2001
E05000112	1627	3462	872	783	141	2001
E05000113	2283	3002	778	1322	201	2001
E05000114	1733	2765	1467	388	110	2001
E05000115	1667	2701	2052	158	116	2001
E05000116	588	1952	1933	1069	135	2001
E05000117	826	784	77	111	102	2001
E05000118	2736	2523	481	205	97	2001
E05000119	2497	2846	224	257	101	2001
E05000120	2165	2755	573	338	130	2001
E05000121	946	1732	1374	210	92	2001
E05000122	2369	2397	1039	257	95	2001
E05000123	1216	2834	2213	944	180	2001
E05000124	2349	2603	152	202	64	2001
E05000125	1745	2808	1065	615	152	2001
E05000126	1673	1736	298	333	47	2001
E05000127	2439	2551	249	249	96	2001
E05000128	1198	1417	1364	1944	228	2001
E05000129	530	657	1378	1110	302	2001
E05000130	849	1112	1953	1238	219	2001
E05000131	578	1049	2052	858	181	2001
E05000132	763	1342	971	1532	160	2001
E05000133	1395	1237	554	1852	265	2001
E05000134	617	944	2403	696	155	2001
E05000135	1449	1142	644	1511	242	2001
E05000136	523	931	2608	798	192	2001
E05000137	988	1205	1907	587	157	2001
E05000138	414	764	2723	1087	271	2001
E05000139	647	1313	2036	1032	176	2001
E05000140	407	1013	2492	1138	173	2001
E05000141	309	582	2225	1021	257	2001
E05000142	459	657	2794	1077	305	2001
E05000143	267	653	3709	479	205	2001
E05000144	1176	1406	1149	1853	259	2001
E05000145	576	1398	1279	1676	159	2001
E09000001	1091	1059	942	907	345	2001
E05000146	1414	3475	1091	1331	162	2001
E05000147	1544	2271	1032	298	83	2001
E05000148	1369	3032	618	1051	207	2001
E05000149	980	2373	1690	984	144	2001
E05000150	1771	2273	594	164	85	2001
E05000151	1628	2484	245	283	57	2001
E05000152	1697	3060	579	1333	156	2001
E05000153	1575	2212	1145	2140	221	2001
E05000154	509	1050	2324	76	106	2001
E05000155	1678	2870	520	361	124	2001
E05000156	1702	2728	507	379	80	2001
E05000157	744	1411	1577	109	91	2001
E05000158	1632	2376	681	671	119	2001
E05000159	1741	2491	411	438	102	2001
E05000160	1924	2283	324	169	70	2001
E05000161	964	2655	1772	1173	174	2001
E05000162	1783	2356	118	133	79	2001
E05000163	1943	2449	995	196	115	2001
E05000164	1489	3008	1308	1213	172	2001
E05000165	1083	2997	1174	946	165	2001
E05000166	1344	2627	1272	650	165	2001
E05000167	1259	2509	1401	783	185	2001
E05000168	1351	2923	756	1095	158	2001
E05000169	1045	3443	1205	993	146	2001
E05000170	1174	1818	1359	1092	148	2001
E05000171	1387	2013	1318	858	153	2001
E05000172	992	1483	1232	434	120	2001
E05000173	1343	1776	665	1738	160	2001
E05000174	1270	1794	904	1533	124	2001
E05000175	1147	1873	1442	974	229	2001
E05000176	1110	2246	1268	806	118	2001
E05000177	1240	2167	1366	494	97	2001
E05000178	1440	2287	485	595	88	2001
E05000179	1969	2072	290	1541	137	2001
E05000180	1169	2115	1364	549	117	2001
E05000181	1267	1920	295	338	76	2001
E05000182	1518	2344	352	938	189	2001
E05000183	1457	2325	408	462	91	2001
E05000184	1280	2232	1300	360	109	2001
E05000185	963	2169	1845	420	122	2001
E05000186	850	1431	1346	329	100	2001
E05000187	1560	2287	453	598	109	2001
E05000188	939	1484	2160	1119	165	2001
E05000189	1123	1361	577	433	102	2001
E05000190	1022	1636	505	521	130	2001
E05000191	1497	2305	687	1217	132	2001
E05000192	1315	2205	656	1065	141	2001
E05000193	1410	1935	686	718	166	2001
E05000194	2030	2468	286	342	93	2001
E05000195	1384	2266	1249	332	157	2001
E05000196	1997	1725	658	535	115	2001
E05000197	853	1854	2766	522	231	2001
E05000198	1336	2283	1276	391	135	2001
E05000199	1131	2457	1049	413	133	2001
E05000200	2154	2087	182	453	84	2001
E05000201	1324	2427	1119	531	164	2001
E05000202	1957	2257	454	429	127	2001
E05000203	1447	2342	817	401	119	2001
E05000204	1218	2106	1054	447	164	2001
E05000205	1791	2327	475	670	114	2001
E05000206	1150	1950	1153	506	123	2001
E05000207	1125	2234	1250	420	131	2001
E05000208	1831	2120	449	784	143	2001
E05000209	1734	1857	703	564	134	2001
E05000210	2053	2697	396	497	110	2001
E05000211	1238	2134	1279	265	130	2001
E05000212	1276	2071	1654	445	193	2001
E05000213	1698	2260	344	551	123	2001
E05000214	1040	1858	2337	324	136	2001
E05000215	1206	1874	1716	999	160	2001
E05000216	856	1598	2457	599	142	2001
E05000217	1474	2115	1209	298	97	2001
E05000218	1601	2240	1032	242	105	2001
E05000219	1569	1764	1333	416	241	2001
E05000220	577	1331	3174	128	92	2001
E05000221	689	1615	2785	572	133	2001
E05000222	691	1358	2347	879	134	2001
E05000223	1070	1740	2079	342	100	2001
E05000224	1307	1677	2177	299	121	2001
E05000225	640	1313	1809	773	109	2001
E05000226	1055	2339	1620	623	155	2001
E05000227	1310	2340	1212	347	108	2001
E05000228	342	1970	2131	425	82	2001
E05000229	472	1209	3307	584	365	2001
E05000230	311	871	3892	462	157	2001
E05009367	338	885	1674	782	101	2001
E05009368	504	906	1694	878	105	2001
E05009369	682	1547	1926	749	117	2001
E05009370	231	635	1226	379	55	2001
E05009371	243	545	1474	443	56	2001
E05009372	351	832	2541	742	97	2001
E05009373	441	1071	2198	650	105	2001
E05009374	316	950	2895	434	134	2001
E05009375	284	669	2498	451	92	2001
E05009376	358	837	2472	560	134	2001
E05009377	288	663	2280	477	83	2001
E05009378	339	745	2804	387	89	2001
E05009379	470	1041	2783	468	108	2001
E05009380	623	1116	1392	653	112	2001
E05009381	369	810	2351	416	82	2001
E05009382	293	714	1171	408	62	2001
E05009383	581	1012	2571	850	143	2001
E05009384	436	782	1432	701	84	2001
E05009385	686	1424	1852	825	122	2001
E05009386	402	1050	2560	599	131	2001
E05009387	371	775	1873	780	117	2001
E05000250	953	1524	1638	1178	171	2001
E05000251	865	1489	1828	1109	197	2001
E05000252	1067	1321	1502	1333	228	2001
E05000253	422	621	1729	319	108	2001
E05000254	816	954	1873	890	193	2001
E05000255	910	1165	1411	842	172	2001
E05000256	742	1051	2326	1016	182	2001
E05000257	1128	1322	971	970	165	2001
E05000258	781	1409	1663	1360	224	2001
E05000259	1049	981	565	587	161	2001
E05000260	1271	1202	945	865	183	2001
E05000261	1123	1290	1157	986	183	2001
E05000262	917	1089	1541	739	162	2001
E05000263	758	1081	1898	1027	162	2001
E05000264	959	1206	1156	1082	178	2001
E05000265	727	964	2427	518	161	2001
E05000266	1114	1901	537	689	89	2001
E05000267	828	1383	1574	964	184	2001
E05000268	751	1491	1521	951	222	2001
E05000269	1029	1847	821	1539	166	2001
E05000270	1126	1627	611	1350	144	2001
E05000271	782	1342	764	1469	163	2001
E05000272	1133	1513	633	1469	243	2001
E05000273	566	1520	1532	902	109	2001
E05000274	1105	1583	525	991	117	2001
E05000275	590	1125	2031	797	195	2001
E05000276	469	1053	2710	665	225	2001
E05000277	831	1443	1389	1019	183	2001
E05000278	735	1361	1876	905	209	2001
E05000279	630	1703	1288	1129	145	2001
E05000280	502	1249	2316	898	245	2001
E05000281	633	1421	2130	709	241	2001
E05000282	807	1156	1813	786	194	2001
E05000283	455	1136	2550	309	184	2001
E05000284	867	1433	1269	1016	225	2001
E05000285	1250	1752	147	140	81	2001
E05000286	1761	1466	474	414	119	2001
E05000287	1101	1583	376	318	101	2001
E05000288	1009	1399	597	948	139	2001
E05000289	1188	1679	657	752	263	2001
E05000290	1355	1646	691	234	102	2001
E05000291	1536	1580	367	311	119	2001
E05000292	1388	1644	147	250	58	2001
E05000293	1068	1712	223	513	80	2001
E05000294	976	1480	539	289	101	2001
E05000295	1186	1708	124	283	68	2001
E05000296	992	1647	350	547	105	2001
E05000297	1562	1414	576	359	149	2001
E05000298	1500	1706	270	195	84	2001
E05000299	1063	1707	177	354	108	2001
E05000300	1275	1729	141	404	81	2001
E05000301	789	1717	1070	392	195	2001
E05000302	1089	1810	373	438	121	2001
E05000303	1483	1319	545	286	244	2001
E05000304	852	1579	506	461	106	2001
E05000305	1042	1725	448	427	108	2001
E05000306	1409	2615	778	443	116	2001
E05000307	2492	2130	288	141	60	2001
E05000308	1650	2220	816	174	90	2001
E05000309	1974	2035	189	149	40	2001
E05000310	1082	1988	2455	210	171	2001
E05000311	2004	2363	223	191	54	2001
E05000312	1610	2324	858	287	114	2001
E05000313	1467	2135	958	173	91	2001
E05000314	1106	1966	1843	143	89	2001
E05000315	1690	2471	333	196	57	2001
E05000316	1812	2413	601	268	84	2001
E05000317	2161	2299	311	147	64	2001
E05000318	1771	2298	379	273	90	2001
E05000319	1616	2647	742	687	139	2001
E05000320	1989	2299	655	381	92	2001
E05000321	1727	2172	1020	189	103	2001
E05000322	1784	2289	463	271	79	2001
E05000323	2323	2279	110	181	55	2001
E05000324	1062	1868	749	382	90	2001
E05000325	996	1966	1073	473	139	2001
E05000326	1106	1707	855	323	107	2001
E05000327	1530	2215	367	235	73	2001
E05000328	1259	2299	400	259	85	2001
E05000329	2092	1853	319	219	69	2001
E05000330	750	1278	696	166	59	2001
E05000331	1044	1874	665	649	139	2001
E05000332	1230	2152	693	325	88	2001
E05000333	1800	1643	186	180	105	2001
E05000334	1607	2239	220	289	59	2001
E05000335	1568	1519	750	576	137	2001
E05000336	1484	1870	788	400	99	2001
E05000337	1147	1989	903	348	95	2001
E05000338	1283	2133	490	335	157	2001
E05000339	803	1769	1394	378	102	2001
E05000340	1428	1798	633	334	364	2001
E05000341	974	1944	1109	575	227	2001
E05000342	1206	1988	1073	350	90	2001
E05000343	1309	1913	547	421	238	2001
E05000344	857	2230	1059	358	108	2001
E05000345	832	2060	1177	529	89	2001
E05000346	817	1813	1190	239	112	2001
E05000347	751	1422	1864	521	124	2001
E05000348	1133	1605	702	995	116	2001
E05000349	1156	1714	977	911	148	2001
E05000350	820	1192	1182	466	200	2001
E05000351	961	1719	839	215	88	2001
E05000352	669	2074	1279	252	120	2001
E05000353	789	1599	1614	179	139	2001
E05000354	1080	1881	899	248	126	2001
E05000355	919	1551	713	497	95	2001
E05000356	999	1657	549	498	113	2001
E05000357	810	1343	1278	296	148	2001
E05000358	922	1450	800	920	123	2001
E05000359	848	1658	793	669	123	2001
E05000360	1283	1916	200	365	74	2001
E05000361	920	1219	706	593	113	2001
E05000362	614	1547	1699	528	166	2001
E05000363	1373	1732	231	664	113	2001
E05000364	725	1405	1428	464	128	2001
E05000365	1311	1493	786	1319	167	2001
E05000366	598	1082	2272	803	132	2001
E05000367	274	706	3151	727	170	2001
E05000368	412	1057	2797	733	140	2001
E05000369	499	987	2560	537	153	2001
E05000370	405	928	2486	670	143	2001
E05000371	481	1115	2772	1008	161	2001
E05000372	747	1423	1739	800	136	2001
E05000373	638	1257	2256	893	139	2001
E05000374	515	1271	2427	667	125	2001
E05000375	408	1010	2872	704	166	2001
E05000376	529	1161	2704	806	118	2001
E05000377	457	1294	2717	870	139	2001
E05000378	628	1318	2156	861	221	2001
E05000379	541	1027	2428	988	143	2001
E05000380	561	1167	2538	852	139	2001
E05000381	500	1455	2613	1039	159	2001
E05009388	1391	761	707	1404	245	2001
E05009389	1718	664	1018	1877	445	2001
E05009390	1811	807	391	1407	328	2001
E05009391	1211	794	2002	744	231	2001
E05009392	953	796	1968	932	171	2001
E05009393	1580	898	658	1993	361	2001
E05009394	349	426	1800	266	103	2001
E05009395	1118	1074	1595	1666	243	2001
E05009396	292	416	2513	340	111	2001
E05009397	1328	824	521	1057	193	2001
E05009398	845	459	1056	403	101	2001
E05009399	807	641	1781	441	114	2001
E05009400	1112	651	547	1025	256	2001
E05009401	1453	822	260	1694	343	2001
E05009402	1511	1045	561	1427	195	2001
E05009403	1892	732	1019	1526	419	2001
E05009404	385	415	1428	246	78	2001
E05009405	1827	803	738	1304	279	2001
E05000400	1178	1761	144	282	71	2001
E05000401	1024	1633	739	921	130	2001
E05000402	1138	1627	380	500	134	2001
E05000403	923	1835	434	782	208	2001
E05000404	1035	1638	497	165	82	2001
E05000405	1104	2088	399	167	107	2001
E05000406	1222	1306	415	612	150	2001
E05000407	1137	1601	258	495	106	2001
E05000408	949	1539	528	845	133	2001
E05000409	564	1398	1130	530	132	2001
E05000410	1237	1674	306	207	61	2001
E05000411	1256	1469	272	254	74	2001
E05000412	922	1758	309	1303	145	2001
E05000413	1272	1910	383	1054	139	2001
E05000414	1037	1833	391	412	90	2001
E05000415	1212	1637	247	318	68	2001
E05000416	333	631	2221	906	503	2001
E05000417	639	1546	2395	1062	190	2001
E05000418	911	1603	1594	1149	131	2001
E05000419	725	1567	2195	1334	214	2001
E05000420	378	880	4012	760	154	2001
E05000421	457	1356	2620	1062	150	2001
E05000422	597	1863	2604	945	142	2001
E05000423	753	1412	2035	916	153	2001
E05000424	874	1910	2048	976	158	2001
E05000425	517	1180	2989	939	174	2001
E05000426	508	1098	2524	1229	154	2001
E05000427	523	987	3295	664	180	2001
E05000428	823	1908	889	1823	166	2001
E05000429	543	909	3328	818	181	2001
E05000430	780	1978	1787	1362	141	2001
E05000431	1225	2078	887	957	116	2001
E05000432	908	1928	1472	1387	146	2001
E05000433	693	1446	2255	884	167	2001
E05000434	788	1579	1451	992	96	2001
E05000435	566	1279	2809	987	124	2001
E05000436	368	981	3573	672	172	2001
E05000437	832	1837	2694	357	100	2001
E05000438	1087	1941	1968	1150	130	2001
E05000439	634	1550	2501	1000	161	2001
E05000440	1363	2803	728	550	99	2001
E05000441	1065	2631	1057	957	102	2001
E05000442	963	2128	2645	221	113	2001
E05000443	276	894	4185	450	154	2001
E05000444	1116	2193	1964	825	151	2001
E05000445	1325	2565	1591	523	111	2001
E05000446	866	2114	1361	816	120	2001
E05000447	1146	2242	1263	607	91	2001
E05000448	782	2023	1981	1095	135	2001
E05000449	324	1603	3472	1026	141	2001
E05000450	1071	2432	1883	719	108	2001
E05000451	896	2198	1617	1016	169	2001
E05000452	1035	2263	2625	697	140	2001
E05000453	603	1812	2716	891	113	2001
E05000454	1134	2084	1939	243	110	2001
E05000455	1006	1675	699	1054	127	2001
E05000456	1405	1598	245	241	66	2001
E05000457	740	1715	590	905	104	2001
E05000458	720	1411	1571	382	125	2001
E05000459	1192	1898	173	914	115	2001
E05000460	815	1614	1053	421	112	2001
E05000461	1025	1644	148	663	72	2001
E05000462	1246	1457	429	1213	179	2001
E05000463	659	1864	825	641	90	2001
E05000464	1086	1877	327	346	79	2001
E05000465	1225	1799	139	134	49	2001
E05000466	1341	1585	188	520	102	2001
E05000467	937	1694	831	176	76	2001
E05000468	958	1512	980	275	107	2001
E05000469	1259	1660	528	732	112	2001
E05000470	811	1481	1271	195	82	2001
E05000471	932	1795	482	875	107	2001
E05000472	1625	1060	252	611	167	2001
E05000473	1251	1865	219	306	91	2001
E05000474	1157	1719	269	681	105	2001
E05000475	390	1717	2043	802	165	2001
E05000476	848	1476	1463	679	139	2001
E05000477	440	994	3020	509	133	2001
E05000478	419	800	2722	739	119	2001
E05000479	471	1534	2122	485	141	2001
E05000480	915	1425	783	901	154	2001
E05000481	770	1034	767	716	122	2001
E05000482	952	1673	1737	568	111	2001
E05000483	789	1606	1730	821	155	2001
E05000484	812	1385	1695	1186	159	2001
E05000485	795	1353	751	992	146	2001
E05000486	807	1231	720	930	136	2001
E05000487	777	1358	1602	927	160	2001
E05000488	730	1246	1190	954	181	2001
E05000489	615	1224	2396	749	145	2001
E05000490	863	1782	1229	738	102	2001
E05000491	171	680	1451	365	94	2001
E05000492	492	1150	2855	801	231	2001
E05000493	825	1567	927	838	137	2001
E05000494	579	1353	2302	699	139	2001
E05000495	1436	2088	443	361	102	2001
E05000496	1577	1911	219	325	104	2001
E05000497	1348	2238	649	308	115	2001
E05000498	1404	2330	236	391	75	2001
E05000499	1227	1870	359	539	102	2001
E05000500	1564	2052	193	263	64	2001
E05000501	889	1494	342	838	133	2001
E05000502	1285	1884	243	588	94	2001
E05000503	1372	2014	421	413	112	2001
E05000504	1584	1913	664	284	121	2001
E05000505	945	2109	283	686	84	2001
E05000506	1367	1994	1239	217	184	2001
E05000507	855	2000	727	1001	158	2001
E05000508	1520	1892	274	336	67	2001
E05000509	1781	1777	201	317	77	2001
E05000510	1351	2181	309	599	141	2001
E05000511	1197	1964	800	488	87	2001
E05000512	1152	2006	167	761	119	2001
E05000513	1614	2068	668	701	146	2001
E05000514	1019	1665	314	1370	145	2001
E05000515	1453	2098	603	340	90	2001
E05000516	1255	1293	635	776	178	2001
E05000517	1378	1642	260	589	142	2001
E05000518	1166	1954	350	538	117	2001
E05000519	1286	1415	788	545	222	2001
E05000520	1251	1680	546	409	147	2001
E05000521	1071	1721	784	260	133	2001
E05000522	1204	1639	521	588	170	2001
E05000523	1231	1570	680	185	114	2001
E05000524	1305	1505	385	858	157	2001
E05000525	1210	1789	732	826	170	2001
E05000526	1229	1587	742	820	167	2001
E05000527	1212	2035	115	788	113	2001
E05000528	1423	1472	708	1311	246	2001
E05000529	1148	1762	244	569	94	2001
E05000530	1214	1943	373	725	157	2001
E05000531	1191	1800	274	1257	152	2001
E05000532	1169	2069	474	422	96	2001
E05000533	1301	1646	319	273	136	2001
E05000534	430	982	2545	523	113	2001
E05000535	248	604	3986	552	109	2001
E05000536	416	837	3004	727	220	2001
E05000537	259	754	3244	702	202	2001
E05000538	1065	1381	1456	588	113	2001
E05000539	872	1840	976	849	115	2001
E05000540	256	601	3731	680	116	2001
E05000541	212	422	4122	391	102	2001
E05000542	290	995	3569	678	147	2001
E05000543	238	495	4045	241	91	2001
E05000544	420	873	3862	495	119	2001
E05000545	505	1058	2409	461	90	2001
E05000546	169	507	3225	239	69	2001
E05000547	783	1749	1389	926	84	2001
E05000548	502	1181	2625	915	188	2001
E05000549	313	1280	2739	666	136	2001
E05000550	334	1187	2901	648	145	2001
E05000551	637	1280	2157	599	157	2001
E05000552	461	2003	1495	1139	169	2001
E05000553	673	1363	2446	670	141	2001
E05000554	1203	1557	713	521	96	2001
E05000555	1118	2256	359	199	57	2001
E05000556	1018	1305	1590	146	59	2001
E05000557	1343	2004	473	457	66	2001
E05000558	1303	1985	327	427	70	2001
E05000559	1109	1796	430	147	60	2001
E05000560	1627	1705	117	285	71	2001
E05000561	1561	1962	129	176	50	2001
E05000562	566	1659	1860	149	64	2001
E05000563	1439	2125	109	167	49	2001
E05000564	1034	2062	1092	683	110	2001
E05000565	1277	1967	496	255	61	2001
E05000566	1331	1844	664	966	126	2001
E05000567	1384	2313	210	789	68	2001
E05000568	1075	2158	737	287	48	2001
E05000569	1115	2116	575	478	70	2001
E05000570	1267	1815	771	437	80	2001
E05000571	600	1993	1621	306	79	2001
E05000572	1291	2254	189	274	60	2001
E05009317	487	1332	3960	812	187	2001
E05009318	291	1012	1502	927	97	2001
E05009319	322	967	2298	521	105	2001
E05009320	534	1200	1905	660	110	2001
E05009321	173	446	2156	276	97	2001
E05009322	122	303	1689	160	72	2001
E05009323	231	929	1041	964	110	2001
E05009324	259	1008	1213	1017	114	2001
E05009325	316	685	3002	297	120	2001
E05009326	214	480	1296	342	68	2001
E05009327	361	862	2907	607	147	2001
E05009328	190	466	1045	355	58	2001
E05009329	271	538	2035	316	92	2001
E05009330	509	1417	1529	1006	168	2001
E05009331	396	1255	3428	828	166	2001
E05009332	248	631	1784	494	92	2001
E05009333	249	790	1862	667	126	2001
E05009334	275	589	2068	492	118	2001
E05009335	323	834	2677	573	125	2001
E05009336	327	902	1837	901	165	2001
E05000590	688	1689	1406	734	124	2001
E05000591	521	1069	1691	759	151	2001
E05000592	1052	2172	693	450	76	2001
E05000593	1555	1574	675	281	91	2001
E05000594	1469	1800	610	199	81	2001
E05000595	925	1480	630	839	114	2001
E05000596	901	1843	586	1352	140	2001
E05000597	1089	1819	729	226	62	2001
E05000598	1220	1648	1113	214	82	2001
E05000599	762	1903	1094	1054	129	2001
E05000600	615	1586	1667	496	112	2001
E05000601	820	1623	1500	921	136	2001
E05000602	1286	1928	719	290	109	2001
E05000603	872	2029	902	1098	128	2001
E05000604	657	1291	1918	853	150	2001
E05000605	872	1577	709	1050	97	2001
E05000606	672	1644	1206	760	108	2001
E05000607	1257	1810	797	276	80	2001
E05000608	725	1967	998	777	119	2001
E05000609	876	1632	1750	627	132	2001
E05000610	1302	2029	801	1361	178	2001
E05000611	980	2141	1012	1760	148	2001
E05000612	850	2251	1140	1239	278	2001
E05000613	1540	2086	873	1671	280	2001
E05000614	911	2206	1101	1370	201	2001
E05000615	1084	2159	1030	1070	172	2001
E05000616	955	1890	1034	1423	174	2001
E05000617	601	1221	3026	775	216	2001
E05000618	1273	2125	829	1578	158	2001
E05000619	1168	2182	874	1276	169	2001
E05000620	697	1388	2547	1272	225	2001
E05000621	757	1216	2584	563	194	2001
E05000622	1026	1658	1755	1313	200	2001
E05000623	919	1887	1588	1280	167	2001
E05000624	1275	2634	984	1267	141	2001
E05000625	1362	2035	545	1553	178	2001
E05000626	986	1649	1075	1479	245	2001
E05000627	1261	2272	753	895	177	2001
E05000628	1032	2013	1614	1064	166	2001
E05000629	1371	1811	1386	799	224	2001
E05000630	1154	927	700	1602	307	2001
E05000631	777	1154	977	1430	199	2001
E05000632	1050	1036	558	2500	334	2001
E05000633	476	659	2195	553	197	2001
E05000634	201	416	1575	466	98	2001
E05000635	300	941	1875	735	150	2001
E05000636	899	1076	577	2094	372	2001
E05000637	1037	669	586	1346	593	2001
E05000638	932	1309	853	2905	426	2001
E05000639	787	1136	726	1129	161	2001
E05000640	623	1370	1113	1315	158	2001
E05000641	834	854	476	2246	383	2001
E05000642	333	785	2253	360	118	2001
E05000643	1183	1097	1334	1761	399	2001
E05000644	501	517	1682	1248	473	2001
E05000645	476	809	2162	1121	460	2001
E05000646	608	800	1808	736	354	2001
E05000647	707	998	1441	1260	236	2001
E05000648	350	906	2274	738	174	2001
E05000649	540	604	1200	1470	369	2001
E05000026	499	1046	1222	1766	39	2011
E05000027	584	1265	1462	630	30	2011
E05000028	684	1409	1257	861	66	2011
E05000029	989	1159	1262	487	45	2011
E05000030	1119	1527	776	436	29	2011
E05000031	631	1282	1598	737	24	2011
E05000032	366	867	2510	850	52	2011
E05000033	572	1366	1576	666	41	2011
E05000034	713	1119	1955	488	42	2011
E05000035	1093	1525	486	569	47	2011
E05000036	562	1190	1519	614	47	2011
E05000037	617	1232	1384	535	33	2011
E05000038	752	1341	1021	817	38	2011
E05000039	385	1090	1757	694	29	2011
E05000040	620	1202	1422	526	36	2011
E05000041	727	1124	1765	768	39	2011
E05000042	995	1578	487	884	27	2011
E05000043	2186	2472	547	800	54	2011
E05000044	850	1768	2271	1411	92	2011
E05000045	1898	1615	958	3050	165	2011
E05000046	987	1428	2157	1635	83	2011
E05000047	1552	2440	930	1852	174	2011
E05000048	2026	2455	641	1329	80	2011
E05000049	1565	1820	1477	1691	90	2011
E05000050	1758	1927	947	1253	96	2011
E05000051	2113	1816	309	1913	136	2011
E05000052	2431	1732	307	1675	134	2011
E05000053	1650	1436	820	2137	111	2011
E05000054	1787	2374	841	1109	74	2011
E05000055	1678	1769	842	2548	128	2011
E05000056	2233	2402	505	1299	97	2011
E05000057	2080	2372	882	1404	137	2011
E05000058	2182	2202	450	1256	82	2011
E05000059	2151	1772	508	1308	75	2011
E05000060	1863	2026	1621	714	80	2011
E05000061	1732	1895	482	2470	106	2011
E05000062	1551	1506	1045	2026	96	2011
E05000063	1832	2209	794	1974	97	2011
E05000064	1587	1812	451	350	33	2011
E05000065	1238	1868	777	899	49	2011
E05000066	1632	1998	157	337	34	2011
E05000067	1677	2078	111	341	22	2011
E05000068	1959	1751	182	239	30	2011
E05000069	1730	1879	173	635	44	2011
E05000070	1147	1630	1302	309	39	2011
E05000071	1173	2004	1032	496	38	2011
E05000072	1439	1713	1073	440	42	2011
E05000073	1630	1887	398	500	38	2011
E05000074	1482	1770	530	398	30	2011
E05000075	1037	1831	997	1009	51	2011
E05000076	1607	2045	44	391	30	2011
E05000077	1493	1544	940	462	27	2011
E05000078	1647	1733	590	478	32	2011
E05000079	696	1500	1732	663	40	2011
E05000080	1464	1787	375	359	38	2011
E05000081	1883	1805	178	391	33	2011
E05000082	1392	2055	278	243	26	2011
E05000083	1752	1658	301	747	36	2011
E05000084	462	1433	1756	869	51	2011
E05000085	1033	1325	504	1230	64	2011
E05000086	1120	1355	1440	1415	77	2011
E05000087	1106	1286	1147	1706	93	2011
E05000088	1173	1094	944	1004	49	2011
E05000089	1166	1158	1035	1776	63	2011
E05000090	1170	1362	606	1171	65	2011
E05000091	562	1004	2931	2046	111	2011
E05000092	915	1348	1619	2101	80	2011
E05000093	1568	1281	217	745	55	2011
E05000094	705	1224	3445	2204	80	2011
E05000095	994	1218	1210	2828	57	2011
E05000096	1253	1362	670	793	61	2011
E05000097	1385	1443	631	1461	75	2011
E05000098	1228	1584	1249	2129	84	2011
E05000099	1436	1475	721	1023	72	2011
E05000100	427	801	3678	891	106	2011
E05000101	1065	1409	728	1578	63	2011
E05000102	1281	1289	584	1639	71	2011
E05000103	1126	1345	923	1351	64	2011
E05000104	1024	1141	684	1469	62	2011
E05000105	679	1040	1625	2621	102	2011
E05000106	2321	2492	417	681	56	2011
E05000107	1527	1945	180	224	34	2011
E05000108	2082	2507	975	587	58	2011
E05000109	2039	2871	743	1686	75	2011
E05000110	2500	2605	270	415	40	2011
E05000111	2476	2401	433	694	80	2011
E05000112	1681	3068	867	1227	58	2011
E05000113	2370	2645	748	2243	98	2011
E05000114	1847	2385	1653	744	64	2011
E05000115	1715	2319	2273	413	56	2011
E05000116	587	1638	2029	1815	43	2011
E05000117	957	786	114	195	30	2011
E05000118	2903	2229	542	413	57	2011
E05000119	2659	2746	189	474	42	2011
E05000120	2426	2659	550	674	73	2011
E05000121	935	1466	1359	448	49	2011
E05000122	2597	2196	1001	508	39	2011
E05000123	1352	2411	2289	1558	62	2011
E05000124	2575	2298	146	377	49	2011
E05000125	1841	2462	1136	1030	60	2011
E05000126	1754	1566	261	567	38	2011
E05000127	2505	2477	250	420	62	2011
E05000128	1485	1072	1202	2272	100	2011
E05000129	762	531	1378	2005	143	2011
E05000130	1122	917	1802	1974	90	2011
E05000131	683	884	2055	1410	62	2011
E05000132	951	1189	891	2225	68	2011
E05000133	1501	943	351	2019	126	2011
E05000134	699	841	2253	1051	68	2011
E05000135	1738	902	695	1732	133	2011
E05000136	677	778	2583	1156	60	2011
E05000137	1257	1011	1632	802	86	2011
E05000138	687	717	2599	1968	143	2011
E05000139	942	1121	1931	1719	80	2011
E05000140	555	817	2422	1888	76	2011
E05000141	458	361	2120	1525	130	2011
E05000142	631	544	2690	1638	99	2011
E05000143	332	600	3422	1159	75	2011
E05000144	1301	1109	967	2332	151	2011
E05000145	863	1061	1302	2559	73	2011
E09000001	1093	775	725	1573	219	2011
E05000146	1380	2600	1035	2452	86	2011
E05000147	1611	2157	1192	534	38	2011
E05000148	1306	2209	706	1669	62	2011
E05000149	938	2094	1932	1990	75	2011
E05000150	1925	2050	612	280	45	2011
E05000151	1751	2266	220	526	30	2011
E05000152	1702	2601	584	2056	56	2011
E05000153	1454	1881	1213	3186	103	2011
E05000154	544	805	2416	191	31	2011
E05000155	1821	2327	509	747	44	2011
E05000156	1782	2671	669	713	46	2011
E05000157	784	1193	1691	307	34	2011
E05000158	1622	2089	837	1428	79	2011
E05000159	1768	2397	432	1034	65	2011
E05000160	2063	2090	326	347	43	2011
E05000161	874	2259	2019	2182	128	2011
E05000162	2059	2009	89	282	32	2011
E05000163	2028	2104	1032	368	54	2011
E05000164	1284	2502	1601	2234	103	2011
E05000165	1169	2440	1292	1582	88	2011
E05000166	1356	2319	1339	1423	60	2011
E05000167	1271	2310	1812	1620	93	2011
E05000168	1273	2125	956	1651	103	2011
E05000169	1117	2705	1373	1670	68	2011
E05000170	1084	1513	1460	2120	89	2011
E05000171	1440	1723	1229	1241	81	2011
E05000172	1041	1120	1222	827	90	2011
E05000173	1371	1420	683	2622	88	2011
E05000174	1286	1506	853	2133	79	2011
E05000175	1184	1807	1560	2409	105	2011
E05000176	1080	1979	1222	1678	85	2011
E05000177	1190	2037	1483	1551	81	2011
E05000178	1333	1859	484	1252	66	2011
E05000179	1838	1576	288	2335	93	2011
E05000180	1175	1712	1333	1005	62	2011
E05000181	1275	1497	288	844	60	2011
E05000182	1559	1946	352	1346	53	2011
E05000183	1437	1868	404	1112	43	2011
E05000184	1212	1854	1349	1078	78	2011
E05000185	872	1645	1938	1079	88	2011
E05000186	863	1056	1447	739	67	2011
E05000187	1492	1866	453	1433	72	2011
E05000188	858	1238	2036	1753	126	2011
E05000189	1034	1004	594	899	84	2011
E05000190	974	1183	554	1286	85	2011
E05000191	1518	1903	584	1860	74	2011
E05000192	1298	1868	656	1580	85	2011
E05000193	1416	1666	587	1769	69	2011
E05000194	2171	2136	283	826	48	2011
E05000195	1406	2065	1201	888	80	2011
E05000196	1957	1645	626	910	77	2011
E05000197	735	1471	2975	1587	131	2011
E05000198	1237	1895	1430	1214	81	2011
E05000199	1080	2185	1438	1524	98	2011
E05000200	2154	1914	177	946	63	2011
E05000201	1219	1755	1133	1596	110	2011
E05000202	2121	1997	411	936	56	2011
E05000203	1351	1756	827	1327	81	2011
E05000204	1144	1700	1665	1483	94	2011
E05000205	1724	1957	521	1471	118	2011
E05000206	1056	1635	1454	1444	91	2011
E05000207	1051	1930	1323	1157	60	2011
E05000208	1841	1892	435	1672	69	2011
E05000209	1725	1647	621	1104	57	2011
E05000210	2073	2486	367	1042	71	2011
E05000211	1170	1672	1401	1019	66	2011
E05000212	1111	1649	1855	1491	116	2011
E05000213	1710	2044	343	1185	67	2011
E05000214	991	1689	2321	906	57	2011
E05000215	1356	1754	1358	1546	61	2011
E05000216	867	1546	2361	912	53	2011
E05000217	1484	1920	1218	508	45	2011
E05000218	1688	2083	875	430	63	2011
E05000219	1460	1649	1135	762	61	2011
E05000220	586	1189	1683	316	42	2011
E05000221	687	1513	2791	1664	88	2011
E05000222	744	1681	2533	2044	88	2011
E05000223	1050	1915	1867	927	62	2011
E05000224	1232	1588	2068	603	53	2011
E05000225	748	1625	1901	1865	70	2011
E05000226	1025	1813	1607	1370	67	2011
E05000227	1365	2100	1040	765	52	2011
E05000228	439	2061	2646	1761	50	2011
E05000229	441	1096	3182	1571	68	2011
E05000230	422	1492	4076	2054	100	2011
E05009367	320	674	1124	1352	45	2011
E05009368	536	856	1763	1858	70	2011
E05009369	683	1370	1871	1444	52	2011
E05009370	269	640	1390	1214	57	2011
E05009371	332	793	1551	1159	48	2011
E05009372	323	830	2751	1470	61	2011
E05009373	413	1037	2342	1592	53	2011
E05009374	324	832	2595	1012	64	2011
E05009375	304	778	2481	1841	81	2011
E05009376	336	863	2610	1242	62	2011
E05009377	333	839	2331	1635	73	2011
E05009378	306	815	3078	1393	72	2011
E05009379	415	776	2754	815	69	2011
E05009380	647	1083	1788	1881	53	2011
E05009381	381	904	2614	1375	60	2011
E05009382	325	686	1302	1194	49	2011
E05009383	535	787	2559	1653	77	2011
E05009384	388	598	1340	1096	38	2011
E05009385	696	1243	1902	1817	57	2011
E05009386	382	979	2750	1082	71	2011
E05009387	350	574	1533	1323	48	2011
E05000250	856	1170	1391	2118	56	2011
E05000251	762	1396	2168	1837	71	2011
E05000252	983	1013	1254	2369	100	2011
E05000253	354	550	2054	673	43	2011
E05000254	664	804	1802	1631	75	2011
E05000255	747	999	1578	1544	73	2011
E05000256	691	806	2080	1556	85	2011
E05000257	990	1206	878	1706	60	2011
E05000258	600	998	1584	2257	109	2011
E05000259	1011	863	461	817	90	2011
E05000260	1163	1093	958	1369	73	2011
E05000261	1082	1061	1119	1495	62	2011
E05000262	878	1239	1905	1491	113	2011
E05000263	611	827	2104	1932	78	2011
E05000264	806	1058	1171	1825	71	2011
E05000265	579	794	2626	935	89	2011
E05000266	1281	1762	414	1117	28	2011
E05000267	836	1341	1646	1895	78	2011
E05000268	788	1266	1543	1758	112	2011
E05000269	1249	1753	592	2169	51	2011
E05000270	1197	1607	577	1703	49	2011
E05000271	838	1293	760	2493	87	2011
E05000272	1268	1347	581	1966	93	2011
E05000273	712	1647	1671	1585	58	2011
E05000274	1244	1403	422	1372	51	2011
E05000275	661	1051	2114	1620	92	2011
E05000276	492	852	2733	1435	112	2011
E05000277	898	1239	1286	1938	81	2011
E05000278	774	1102	1766	1838	75	2011
E05000279	743	1555	1193	1661	55	2011
E05000280	573	1159	2325	1779	89	2011
E05000281	629	1125	2109	1416	105	2011
E05000282	832	956	1874	1441	99	2011
E05000283	470	1030	2347	888	85	2011
E05000284	841	1322	1289	2021	82	2011
E05000285	1307	1693	137	485	40	2011
E05000286	1758	1501	490	983	89	2011
E05000287	1115	1260	383	899	58	2011
E05000288	973	1245	567	2112	77	2011
E05000289	1088	1394	633	1325	159	2011
E05000290	1351	1533	663	570	43	2011
E05000291	1597	1411	340	582	62	2011
E05000292	1449	1467	142	475	37	2011
E05000293	1169	1517	288	1010	40	2011
E05000294	1053	1107	515	734	64	2011
E05000295	1289	1429	103	544	35	2011
E05000296	1028	1435	478	1329	38	2011
E05000297	1560	1292	601	610	54	2011
E05000298	1584	1628	263	414	39	2011
E05000299	1188	1317	140	930	60	2011
E05000300	1286	1464	80	807	31	2011
E05000301	852	1384	1148	1069	59	2011
E05000302	1028	1501	360	853	49	2011
E05000303	1598	1294	651	736	75	2011
E05000304	902	1303	588	1045	44	2011
E05000305	1071	1401	353	812	46	2011
E05000306	1488	2450	1060	1045	55	2011
E05000307	2565	2000	247	325	41	2011
E05000308	1930	1953	773	431	40	2011
E05000309	2191	1906	178	275	31	2011
E05000310	1088	1857	2502	455	69	2011
E05000311	2282	2035	217	395	35	2011
E05000312	1839	2108	879	623	42	2011
E05000313	1656	1957	1051	388	59	2011
E05000314	1196	1662	1964	430	47	2011
E05000315	1998	2238	359	366	29	2011
E05000316	1913	2213	600	507	45	2011
E05000317	2335	2131	277	325	29	2011
E05000318	1927	1934	445	660	29	2011
E05000319	1837	2674	931	1687	59	2011
E05000320	2190	2090	647	718	56	2011
E05000321	1776	2054	1076	494	38	2011
E05000322	1896	2356	495	810	42	2011
E05000323	2518	2041	98	403	33	2011
E05000324	1012	1526	827	881	53	2011
E05000325	934	1727	1247	988	60	2011
E05000326	1111	1424	994	943	42	2011
E05000327	1626	2042	324	416	33	2011
E05000328	1242	1942	420	691	45	2011
E05000329	2187	1791	339	390	28	2011
E05000330	855	1090	723	307	33	2011
E05000331	926	1310	657	1495	62	2011
E05000332	1253	1920	672	664	37	2011
E05000333	1789	1604	172	345	25	2011
E05000334	1650	2035	185	597	38	2011
E05000335	1655	1304	650	908	61	2011
E05000336	1521	1628	727	753	49	2011
E05000337	1060	1674	950	924	39	2011
E05000338	1315	1951	471	884	32	2011
E05000339	729	1466	1400	1002	61	2011
E05000340	1603	1625	606	867	56	2011
E05000341	1041	1479	1090	1246	52	2011
E05000342	1208	1710	1420	997	52	2011
E05000343	1502	1670	504	856	45	2011
E05000344	904	1759	1019	906	87	2011
E05000345	798	1693	1355	1081	40	2011
E05000346	874	1825	1309	797	54	2011
E05000347	889	1652	2245	1099	69	2011
E05000348	1252	1386	795	1357	67	2011
E05000349	1269	1596	946	1235	61	2011
E05000350	818	930	1145	969	68	2011
E05000351	1004	1535	943	677	61	2011
E05000352	710	2272	1580	1204	47	2011
E05000353	850	1416	1796	527	62	2011
E05000354	1123	1720	957	629	56	2011
E05000355	930	1269	760	891	46	2011
E05000356	980	1317	629	1030	48	2011
E05000357	816	1082	1352	694	72	2011
E05000358	1024	1312	909	2082	57	2011
E05000359	855	1447	981	1570	62	2011
E05000360	1280	1677	200	756	31	2011
E05000361	902	1052	747	1189	55	2011
E05000362	721	1508	1668	911	85	2011
E05000363	1405	1646	331	1358	56	2011
E05000364	935	1821	1588	1378	68	2011
E05000365	1411	1296	801	1853	82	2011
E05000366	788	1038	2132	1512	69	2011
E05000367	578	893	3173	1961	97	2011
E05000368	544	949	2733	1822	70	2011
E05000369	667	1011	2694	1257	76	2011
E05000370	672	893	2237	1401	82	2011
E05000371	529	924	2711	1996	91	2011
E05000372	950	1233	1629	1368	60	2011
E05000373	815	1431	2339	2316	74	2011
E05000374	603	1096	2294	1021	55	2011
E05000375	547	1162	3084	1737	108	2011
E05000376	608	1081	2443	1449	66	2011
E05000377	484	1180	2739	1360	67	2011
E05000378	714	1161	2063	1413	71	2011
E05000379	698	818	2290	1642	75	2011
E05000380	782	1102	2243	1333	96	2011
E05000381	608	1212	2538	1629	69	2011
E05009388	1383	669	446	2193	147	2011
E05009389	1352	545	781	2488	300	2011
E05009390	1485	676	347	1787	224	2011
E05009391	957	539	1790	964	112	2011
E05009392	800	638	2009	1542	56	2011
E05009393	1295	674	512	2482	216	2011
E05009394	305	439	1867	506	50	2011
E05009395	913	825	1164	2385	109	2011
E05009396	207	345	2724	701	42	2011
E05009397	1142	704	474	1535	137	2011
E05009398	670	358	1103	675	57	2011
E05009399	638	517	1973	760	68	2011
E05009400	832	468	397	1342	80	2011
E05009401	1310	667	190	2288	250	2011
E05009402	1326	969	509	2003	129	2011
E05009403	1529	630	748	1973	254	2011
E05009404	314	373	1557	445	44	2011
E05009405	1476	737	680	2040	176	2011
E05000400	1233	1503	166	449	22	2011
E05000401	988	1374	748	1160	35	2011
E05000402	1177	1373	450	868	56	2011
E05000403	1031	1813	633	1537	58	2011
E05000404	1088	1459	498	289	40	2011
E05000405	1200	1949	474	391	21	2011
E05000406	1179	1079	429	939	60	2011
E05000407	1193	1430	248	700	29	2011
E05000408	956	1399	643	1830	50	2011
E05000409	633	1122	1263	984	48	2011
E05000410	1312	1452	325	438	31	2011
E05000411	1255	1248	308	463	34	2011
E05000412	883	1481	294	1703	49	2011
E05000413	1207	1606	343	1413	34	2011
E05000414	1080	1610	401	617	24	2011
E05000415	1312	1571	279	531	38	2011
E05000416	450	576	1908	1549	87	2011
E05000417	674	1702	2186	2167	59	2011
E05000418	904	1433	1282	1754	42	2011
E05000419	777	1397	1837	2093	80	2011
E05000420	339	934	4214	1536	105	2011
E05000421	515	1294	2461	2248	55	2011
E05000422	589	1692	2183	1435	58	2011
E05000423	858	1622	2072	1885	71	2011
E05000424	836	1812	1853	1504	56	2011
E05000425	564	1390	2969	2174	67	2011
E05000426	696	1354	2435	2431	87	2011
E05000427	701	1401	3171	1371	82	2011
E05000428	831	1670	866	2766	55	2011
E05000429	549	1146	2889	1756	87	2011
E05000430	815	1742	1518	1961	64	2011
E05000431	1206	1727	827	1540	50	2011
E05000432	883	1818	1302	2196	72	2011
E05000433	694	1262	1975	1071	50	2011
E05000434	906	1610	1586	1718	43	2011
E05000435	631	1427	2858	1644	62	2011
E05000436	360	1085	3227	1334	61	2011
E05000437	805	1718	2689	848	47	2011
E05000438	1168	1622	1850	1733	50	2011
E05000439	751	1710	2237	2657	80	2011
E05000440	1301	2493	718	1139	61	2011
E05000441	1190	2348	1055	1615	55	2011
E05000442	895	1834	2476	793	63	2011
E05000443	315	1075	3943	1470	80	2011
E05000444	1168	1962	1715	1591	70	2011
E05000445	1287	2086	1650	1104	55	2011
E05000446	992	1872	1362	1451	85	2011
E05000447	1361	2092	1342	1480	45	2011
E05000448	844	2084	2116	2602	76	2011
E05000449	428	1340	2662	2075	71	2011
E05000450	1087	2234	1780	1543	63	2011
E05000451	922	1698	1683	1893	61	2011
E05000452	1038	1914	2360	1412	69	2011
E05000453	696	1581	2508	1999	71	2011
E05000454	1025	1728	1906	811	57	2011
E05000455	881	1368	645	1633	41	2011
E05000456	1361	1407	191	463	28	2011
E05000457	754	1454	556	1629	36	2011
E05000458	679	1191	1596	798	56	2011
E05000459	1063	1419	150	1348	37	2011
E05000460	748	1306	1154	973	44	2011
E05000461	963	1193	136	1134	33	2011
E05000462	1120	1022	420	1631	58	2011
E05000463	598	1359	823	1211	38	2011
E05000464	940	1627	387	662	30	2011
E05000465	1275	1645	140	355	25	2011
E05000466	1331	1318	142	828	32	2011
E05000467	853	1427	887	481	31	2011
E05000468	865	1260	951	689	29	2011
E05000469	1201	1389	446	1094	47	2011
E05000470	841	1317	1232	545	41	2011
E05000471	838	1465	508	1431	33	2011
E05000472	1504	884	195	800	88	2011
E05000473	1234	1553	187	608	33	2011
E05000474	1111	1596	356	1190	32	2011
E05000475	379	1288	1935	1643	59	2011
E05000476	771	1296	1273	1521	67	2011
E05000477	420	916	2717	1385	74	2011
E05000478	428	1014	2289	2540	87	2011
E05000479	421	1186	2009	1184	52	2011
E05000480	861	1160	734	1852	55	2011
E05000481	861	847	643	1245	54	2011
E05000482	691	1433	1548	1255	53	2011
E05000483	808	1360	1655	1831	64	2011
E05000484	732	1110	1521	2330	65	2011
E05000485	880	990	544	1797	47	2011
E05000486	917	882	548	1658	55	2011
E05000487	645	1084	1538	1759	87	2011
E05000488	720	1122	1030	1666	48	2011
E05000489	605	1008	2134	1310	66	2011
E05000490	799	1539	1351	1653	50	2011
E05000491	247	928	1344	1804	47	2011
E05000492	500	1310	2335	3115	77	2011
E05000493	722	1148	736	1505	47	2011
E05000494	586	1014	2208	1517	75	2011
E05000495	1402	1981	565	1006	51	2011
E05000496	1537	1669	202	825	44	2011
E05000497	1384	1955	655	706	58	2011
E05000498	1340	2144	516	1099	61	2011
E05000499	1338	1881	406	1295	49	2011
E05000500	1501	1821	199	532	49	2011
E05000501	891	1195	477	1820	60	2011
E05000502	1216	1539	213	1007	45	2011
E05000503	1495	2007	481	916	67	2011
E05000504	1575	1741	713	692	51	2011
E05000505	992	1430	355	1338	55	2011
E05000506	1271	1849	1441	648	75	2011
E05000507	846	1357	1161	1667	70	2011
E05000508	1302	1791	325	799	40	2011
E05000509	1935	1562	190	536	54	2011
E05000510	1307	1978	523	1385	51	2011
E05000511	1176	1851	750	881	45	2011
E05000512	1120	1640	391	1559	63	2011
E05000513	1651	1747	640	1326	71	2011
E05000514	1052	1214	427	2019	72	2011
E05000515	1580	1723	659	601	42	2011
E05000516	1366	1116	771	975	68	2011
E05000517	1446	1471	314	873	47	2011
E05000518	1259	1797	341	827	28	2011
E05000519	1379	1317	822	844	88	2011
E05000520	1335	1556	574	658	51	2011
E05000521	1205	1410	918	506	47	2011
E05000522	1333	1491	671	898	62	2011
E05000523	1251	1345	830	446	46	2011
E05000524	1482	1579	490	1359	54	2011
E05000525	1308	1588	790	1199	56	2011
E05000526	1249	1475	804	1171	72	2011
E05000527	1300	1897	185	1163	54	2011
E05000528	1438	1242	716	1691	81	2011
E05000529	1212	1665	266	862	42	2011
E05000530	1434	1667	392	1087	36	2011
E05000531	1230	1584	300	1663	76	2011
E05000532	1192	1894	493	656	45	2011
E05000533	1337	1501	374	562	40	2011
E05000534	510	1166	2450	1080	57	2011
E05000535	284	768	3944	1149	69	2011
E05000536	536	1092	2653	1778	139	2011
E05000537	396	1204	2700	1852	83	2011
E05000538	1065	1509	1373	1042	61	2011
E05000539	886	1916	1073	1367	55	2011
E05000540	234	599	2551	1284	64	2011
E05000541	231	474	3433	836	44	2011
E05000542	408	1261	3169	2096	101	2011
E05000543	275	676	3717	808	80	2011
E05000544	438	1002	3336	1309	71	2011
E05000545	545	1299	2692	1073	65	2011
E05000546	200	1006	3257	952	64	2011
E05000547	863	1889	1441	1458	54	2011
E05000548	697	1530	2403	2261	115	2011
E05000549	455	1185	2722	1533	71	2011
E05000550	354	1085	2995	1247	46	2011
E05000551	688	1390	1934	1032	53	2011
E05000552	725	1686	1443	2117	77	2011
E05000553	670	1600	2647	1387	82	2011
E05000554	1345	1641	711	832	51	2011
E05000555	1267	1970	365	409	26	2011
E05000556	1071	1283	1470	239	31	2011
E05000557	1405	1646	435	813	37	2011
E05000558	1362	1815	294	700	26	2011
E05000559	1292	1620	378	258	24	2011
E05000560	1652	1619	99	508	36	2011
E05000561	1651	1790	145	401	27	2011
E05000562	612	1556	1862	541	24	2011
E05000563	1497	1874	146	381	28	2011
E05000564	883	1894	1182	1204	40	2011
E05000565	1335	1772	462	565	30	2011
E05000566	1281	1368	580	1595	37	2011
E05000567	1353	1861	181	1256	29	2011
E05000568	1133	1881	615	530	24	2011
E05000569	1188	1926	583	786	31	2011
E05000570	1294	1576	737	836	42	2011
E05000571	635	1794	1588	675	38	2011
E05000572	1446	2161	300	732	30	2011
E05009317	621	1277	3438	2119	83	2011
E05009318	547	1240	1787	2582	84	2011
E05009319	447	1263	2823	1997	65	2011
E05009320	637	1021	1952	1339	60	2011
E05009321	182	509	2024	934	49	2011
E05009322	132	403	1611	697	42	2011
E05009323	536	1221	1212	2834	92	2011
E05009324	573	1304	1421	2958	96	2011
E05009325	376	751	3028	1063	55	2011
E05009326	257	580	1266	896	37	2011
E05009327	395	893	2704	1591	62	2011
E05009328	255	551	1055	967	34	2011
E05009329	305	705	2061	841	54	2011
E05009330	818	1304	1198	1900	73	2011
E05009331	517	1052	3121	2072	72	2011
E05009332	317	829	1818	1230	64	2011
E05009333	440	800	1606	1812	55	2011
E05009334	329	757	2074	1299	61	2011
E05009335	468	891	2324	1622	51	2011
E05009336	497	935	1584	2212	62	2011
E05000590	668	1309	1412	1531	68	2011
E05000591	523	782	1745	1447	33	2011
E05000592	974	2035	796	1218	43	2011
E05000593	1620	1496	690	622	39	2011
E05000594	1476	1674	620	405	44	2011
E05000595	998	1250	590	1457	49	2011
E05000596	942	1461	475	2300	42	2011
E05000597	1120	1726	786	518	33	2011
E05000598	1300	1554	1116	509	40	2011
E05000599	863	1822	1056	1758	54	2011
E05000600	609	1487	1632	1066	70	2011
E05000601	774	1417	1464	1682	80	2011
E05000602	1349	1723	775	560	44	2011
E05000603	931	1641	1028	1942	55	2011
E05000604	691	1096	1795	1568	57	2011
E05000605	881	1351	745	1806	47	2011
E05000606	761	1413	1189	1455	46	2011
E05000607	1286	1645	771	573	44	2011
E05000608	787	1607	1064	1447	59	2011
E05000609	843	1494	1627	1238	57	2011
E05000610	1408	1974	686	2161	59	2011
E05000611	1010	1868	1036	2467	51	2011
E05000612	890	2277	1451	2020	55	2011
E05000613	1586	1786	789	2708	92	2011
E05000614	1085	2189	1019	2368	65	2011
E05000615	1203	2069	999	1621	61	2011
E05000616	1048	1716	1083	2184	69	2011
E05000617	709	1333	3177	1473	64	2011
E05000618	1337	1905	822	2132	82	2011
E05000619	1308	2012	849	2002	50	2011
E05000620	992	1783	2421	2602	92	2011
E05000621	798	971	2733	1369	67	2011
E05000622	1477	1921	1688	2547	112	2011
E05000623	1027	1813	1453	2073	52	2011
E05000624	1363	2497	1019	2024	52	2011
E05000625	1622	2063	495	2322	76	2011
E05000626	1095	1434	1085	2342	74	2011
E05000627	1327	2141	703	1373	46	2011
E05000628	1244	1780	1581	2021	72	2011
E05000629	1538	1705	1427	1508	65	2011
E05000630	1390	847	476	2311	184	2011
E05000631	1035	865	1121	2350	128	2011
E05000632	1237	817	484	3432	218	2011
E05000633	648	543	2272	1030	68	2011
E05000634	413	421	2633	1168	84	2011
E05000635	466	854	2358	1683	74	2011
E05000636	1282	865	619	3292	237	2011
E05000637	1333	480	150	1531	388	2011
E05000638	1196	939	711	3748	195	2011
E05000639	1067	891	912	1956	117	2011
E05000640	722	895	1098	1678	87	2011
E05000641	1111	648	535	2885	225	2011
E05000642	462	745	2848	1025	58	2011
E05000643	1442	820	1130	2309	217	2011
E05000644	923	498	1496	2165	261	2011
E05000645	688	526	1352	1964	78	2011
E05000646	968	741	1751	1475	146	2011
E05000647	983	776	1416	1735	115	2011
E05000648	469	747	2600	1435	105	2011
E05000649	857	562	1386	2777	318	2011