New Code	1995	1996	1997	1998	1999	2000	2001	2002	2003	2004	2005	2006	2007	2008	2009	2010	2011	2012	2013	2014
E05000026	57375	65000	61100	64998	77500	80250	83000	120450	136750	154500	160000	169995	166496	180000	148000	146500	177000	141000	150000	173000
E05000027	52998	53775	56995	59250	62000	75000	89000	110000	138000	156000	159500	164000	183000	190000	150000	160000	160000	163000	174000	215000
E05000028	55500	59000	59250	59995	64500	75000	89973	114500	140000	157000	160000	165000	190000	190000	160000	181995	170000	173000	180000	210000
E05000029	65875	66000	74250	78750	90000	90000	108000	128000	160000	177000	179000	190000	215000	200000	185500	180000	195000	205000	205000	240500
E05000030	64000	66000	68000	79000	87000	102000	107000	128250	155000	175000	177500	182000	210000	210000	175000	187500	191750	197500	204000	240000
E05000031	56000	56000	58000	59995	65995	78000	88000	120250	140000	160000	166000	168000	185500	193000	155625	170000	167250	182000	189995	220000
E05000032	57000	59000	58000	59000	67748	77000	87000	113000	145000	172000	155000	165000	193998	189995	152500	148748	145000	158500	162000	200000
E05000033	54000	54995	54250	58000	62000	73750	85000	107000	136995	149000	155000	159998	180750	180000	150000	163000	155000	165000	172500	205000
E05000034	56250	57500	57500	63000	65750	75995	86500	114000	140500	160500	162500	165000	182500	197375	156000	160000	155000	163000	168500	215000
E05000035	76000	79500	89995	102000	109998	127998	138000	169000	216000	232500	235000	243000	275000	270000	250000	266750	250000	258500	270000	312750
E05000036	56000	53500	57500	58000	63000	73998	84500	110000	138995	155000	158250	161000	180000	186000	148000	167000	160000	168000	176000	212000
E05000037	54000	57450	55000	59748	62995	74748	84998	112498	138998	155000	157500	165000	183000	186750	154500	160000	157000	162000	178000	213000
E05000038	55000	52748	55000	56500	62500	75000	82000	106000	135000	153000	156000	162000	180000	185500	150000	158000	153500	163000	170000	205500
E05000039	57250	58250	60000	70000	65000	80000	95000	120000	140000	158000	162500	162000	179000	190000	180000	165500	167500	197000	185000	219000
E05000040	56300	54400	56000	59725	65000	76000	89995	110000	138250	155000	161000	165000	180000	185000	157500	166750	184000	167000	178995	215000
E05000041	55000	57000	64750	66625	76000	71950	73500	97998	119000	145000	156000	160000	156250	180000	155000	162000	156000	155000	182000	202500
E05000042	60000	60750	65995	71000	78000	92995	110000	128500	159000	174998	180000	191500	205000	225000	175000	195000	189000	196000	205000	235000
E05000043	89500	95250	113750	125000	140000	174000	194000	232475	250000	265000	280000	280000	330000	307000	310000	339500	343000	360000	380000	435000
E05000044	64000	64000	74950	81000	93000	114375	126500	150000	178000	193458	211000	209950	225000	234475	192250	219975	230000	234000	245000	250000
E05000045	98750	105000	137000	135000	152000	185000	152000	199500	250000	274750	250000	285000	290000	312500	361250	416500	387493	454500	465000	507500
E05000046	68000	70000	72000	76000	89100	103000	119950	153000	169500	180000	200000	193000	230000	244950	226000	220000	242250	250000	258500	302500
E05000047	88400	89995	101225	113995	135995	165000	160000	189225	223500	240000	240000	270000	276000	230000	250000	296000	290000	321500	335995	335000
E05000048	91000	94000	91000	85000	114475	126675	165000	188000	217500	235000	226500	250000	271125	299000	268310	304500	305000	329975	340000	368000
E05000049	86250	81000	99975	118250	124950	151475	176000	210000	212250	237000	250000	250000	290000	298000	296250	360500	337500	371000	370000	437500
E05000050	120000	132250	130000	138000	153250	188725	195475	249950	285000	296000	280000	312000	386750	337500	365000	289000	300000	295000	380000	455000
E05000051	121500	133000	137500	139500	175000	185250	225000	285000	269750	280000	282475	325000	375000	360000	377500	420000	385000	395000	498725	528000
E05000052	164000	165000	170000	202000	220000	247000	300000	325000	280725	390000	410000	450000	523750	495000	602500	633000	575000	716250	696999	825000
E05000053	112000	103500	140000	151500	175000	205000	224750	260000	310000	325000	305000	350000	391500	396500	400000	390000	429250	450000	477475	555250
E05000054	88225	89000	105000	126475	132500	157250	180000	200000	238000	249950	274250	278750	300000	290000	290000	328000	319975	350000	349975	397250
E05000055	80000	83500	96000	110000	132000	150000	171250	192600	230000	240000	249500	250000	250000	280500	290500	287250	325000	335000	340000	350000
E05000056	95000	99950	109250	113500	128000	159950	171250	210500	210000	234975	267500	288500	292500	307000	310000	292000	330000	354000	375000	419423
E05000057	110350	108995	121000	134950	155000	172000	195000	239950	278000	283975	295000	293500	339975	300000	284950	348500	370000	380000	425000	520000
E05000058	104950	82000	110000	111500	125000	155000	164250	170000	229950	235500	249975	273000	276500	279250	272500	285000	320000	366875	349500	366000
E05000059	125000	135000	150000	180000	185000	231500	249950	300000	271250	335000	360000	392000	429950	425000	427500	450000	482475	478750	540000	627750
E05000060	83000	88000	94500	112000	128000	145000	168500	185000	209975	235250	240250	260000	279475	271750	262500	292000	297000	308750	343000	389950
E05000061	78725	90500	98000	110000	135000	154000	170000	200000	227250	250000	250000	249725	279975	284250	290000	315000	292500	318500	350500	385000
E05000062	83125	84000	91500	99475	116000	128500	168000	176000	210000	232000	238750	245000	276000	247500	245000	286000	310000	273000	252000	346250
E05000063	89000	93000	95000	95000	133500	145000	165500	196000	205500	246000	243000	247000	266000	249950	250000	285000	280000	320000	354500	370000
E05000064	76750	75500	78500	85000	89995	92000	120000	143750	168250	174000	186998	195500	215000	209500	180000	219995	223500	216923	240000	250000
E05000065	59995	60000	65000	65950	70000	76500	88000	117000	130000	145000	154995	160000	172000	170000	159200	170000	168500	150000	149000	179500
E05000066	73000	73000	83500	98580	104995	125000	137500	162000	186000	202000	212000	225000	243500	236500	218000	230000	235000	243500	250000	280000
E05000067	73750	74500	80000	88250	91650	117000	128000	150000	170000	200000	209000	207000	236000	222500	198000	227000	239000	250000	249999	275000
E05000068	84500	84000	90000	110000	118000	139995	147250	185000	205000	226000	235000	245000	250000	250000	230000	250000	250000	250000	265000	315000
E05000069	73450	75250	81500	88438	99000	115000	124750	157000	176250	194950	200000	220000	230000	225000	205000	225000	232750	228575	245000	275000
E05000070	65250	68000	73150	77000	81250	94000	105000	128500	147000	169995	169998	179000	192000	203250	184995	200000	200000	183500	210000	247000
E05000071	60000	61000	66750	71748	74000	87000	97000	135000	157700	155000	173000	168995	182250	177000	175000	175000	172650	172500	181000	231500
E05000072	79500	81500	79650	93000	91750	113000	129999	142500	172500	187000	207000	199000	223500	207000	200000	227500	227000	235000	235000	285000
E05000073	71000	72995	80000	85500	89995	113000	124500	145000	175000	183250	183000	206000	225000	216600	195000	235000	220000	224500	231500	265750
E05000074	70500	72000	76500	85000	92000	106000	126998	146000	174500	186000	186000	199000	220000	225250	198000	217498	222500	229500	245750	259498
E05000075	56748	60000	58000	63000	68500	72000	87000	114995	142500	146000	150000	151000	163750	155000	150000	150000	159950	157000	165000	181000
E05000076	70000	70000	78000	90000	98000	119000	127000	154995	178000	190000	199995	211000	235000	230000	206000	225000	225000	235000	243500	280000
E05000077	70000	72500	79000	89000	96000	94000	106000	145500	159995	168000	177000	200000	215000	213000	207000	215000	218000	233000	236000	257500
E05000078	82000	82000	77500	86750	88498	110000	125500	140000	178000	186250	194500	225000	244500	202500	215000	227000	232748	245000	240498	250000
E05000079	58950	59250	63475	75500	75000	78250	87000	107000	126000	140500	154000	155000	163500	164995	159995	160000	160000	155500	164000	204498
E05000080	69998	75000	83500	90000	101000	112000	125000	160000	169995	184000	195000	217500	225000	220000	205000	213750	225000	225000	237500	250000
E05000081	82975	84500	87998	103500	116250	138250	151000	182998	207500	234995	222500	246000	257475	250000	235000	280000	280000	253127	270000	315000
E05000082	69748	72000	81000	92500	96000	116250	130995	158000	186750	199995	200000	210000	238000	240000	206000	226000	220000	238000	236000	280000
E05000083	79950	95750	90250	94995	107000	124998	139000	155000	187000	192000	209000	218748	228000	234630	213500	249500	245500	220000	225750	280000
E05000084	54995	59995	57998	64000	69250	75000	103500	115000	140000	150000	148750	149000	170000	169000	150000	146500	120000	129250	142000	190000
E05000085	65000	68500	74500	79125	91000	105000	134975	153000	175000	191000	189975	215000	225000	220000	202000	242000	240000	210000	227500	249950
E05000086	93875	101000	122250	130000	133200	125000	185000	206250	218750	215000	240000	250000	285000	250000	300000	305000	337500	297500	385000	333000
E05000087	97500	98975	109950	124975	148225	169000	208000	249950	230000	250000	275000	292500	324000	365000	348000	380000	368250	427500	545000	465000
E05000088	73365	77000	94000	108000	107000	133500	156000	181000	186000	235000	244000	250000	256250	270000	275000	286000	300000	300000	315000	306000
E05000089	86250	86500	92000	102000	115000	127000	165000	178975	230000	235250	220000	274500	297500	267500	285000	330000	375000	370000	416000	495000
E05000090	81000	80500	92000	101000	106750	130500	147000	171000	195000	195500	241250	248750	282475	280000	272500	290000	288500	317600	315000	263750
E05000091	66000	61350	64250	73000	79000	109975	120000	140000	167000	178500	185000	195000	230000	223000	180000	205000	223000	240000	257000	305500
E05000092	67450	72000	80000	93000	115000	151500	167750	195000	220000	225000	238000	249950	330000	343975	295000	316250	332000	367000	435000	500000
E05000093	111498	105500	126000	147000	150000	184000	206000	249725	270000	330000	299950	326500	350000	360000	332500	410500	382670	410000	426000	440000
E05000094	76000	85000	89975	116500	125500	169000	185000	215500	220000	231500	249850	276650	315000	345000	293000	299975	340000	382500	385000	444632
E05000095	81750	88000	105000	106663	136500	170500	175000	205000	220000	234000	249950	264000	299950	300000	302000	350000	330000	353125	382500	450000
E05000096	103500	112000	114000	124950	148000	167475	200000	235000	265000	297500	305000	297750	331975	359000	340000	342500	366000	364975	382450	470000
E05000097	87000	92500	105500	120000	131530	165000	164000	206475	217500	214995	246000	267500	277500	285000	290000	297475	316000	307000	284000	350000
E05000098	84500	87000	93500	125000	144950	175000	234159	235000	243000	265000	320000	315000	353000	455000	355000	417500	460000	402500	521000	677500
E05000099	81750	87000	99625	117500	125500	153000	171250	220000	240000	250000	250000	259975	297000	275000	268000	308000	310000	319975	340000	366000
E05000100	59000	64475	70000	71000	78200	95000	109975	135000	160000	165000	175000	188000	241995	220000	198000	180000	204000	232000	220000	249950
E05000101	69250	75000	82500	83000	92500	115000	127000	170000	183750	220000	203500	214500	236500	225000	232250	250000	250000	237750	232750	249950
E05000102	72375	74000	81000	96500	98950	102500	148000	179950	220000	226500	245000	247250	260000	236800	226000	238750	265000	246000	275000	322500
E05000103	76500	78750	87250	89000	93200	127500	136000	160000	162000	190000	215000	225000	260000	247250	250000	268000	250000	247500	250000	292475
E05000104	73000	75000	81500	82000	87000	103500	139750	156500	186000	193000	220000	202500	250000	241500	250000	235000	250000	250000	237500	250000
E05000105	63500	73000	77250	88000	98000	127000	140000	175000	200000	206000	212500	240000	279995	250000	233000	250000	250000	300000	305000	409500
E05000106	115000	120500	118950	130750	151000	180500	200000	245000	281000	282000	305000	310000	339034	353500	335000	355000	380000	350000	362000	480000
E05000107	81500	81975	87000	99995	120250	129248	148000	169998	188000	215000	221000	227500	247000	245000	227000	250000	246000	244000	265000	269950
E05000108	86650	80000	94500	105000	123000	142000	155000	177000	225000	230000	235000	249950	275000	263500	248000	272750	293750	275000	290000	350000
E05000109	76750	82950	86350	99950	120000	140975	152000	184950	200000	227495	226500	239397	250000	250000	236000	250000	250000	258000	267500	327000
E05000110	96000	95000	107000	120000	135000	167000	199498	211000	223625	249997	249995	273225	290000	280000	267500	285000	294500	295000	315000	400000
E05000111	102000	107500	116500	126500	153000	175000	185000	213750	249995	267000	265000	288500	336000	314900	345000	335607	349995	363000	350000	395000
E05000112	74000	75000	82000	89950	98000	124950	133500	162750	185000	201000	217000	213000	245000	245000	228000	250000	250000	250000	284998	308750
E05000113	76725	79450	77250	88000	95000	119973	140000	159995	183000	205875	200500	227250	240000	230750	220000	242000	247000	248000	260000	315000
E05000114	67250	69950	72750	79973	87748	99000	110000	127995	152500	173500	175000	172500	195000	200000	179998	186750	200000	191500	212500	242000
E05000115	67750	71000	78000	89995	92900	110000	123000	135000	162750	180000	182500	183500	210000	200000	181500	205500	200000	204995	213500	250000
E05000116	59750	65000	64950	68000	71000	84000	93000	121000	139675	149950	155250	176000	200500	195000	186000	199950	195000	185000	231250	250000
E05000117	91000	122000	141000	142000	195000	207000	206500	249950	266000	295000	305000	327000	309973	300000	315000	321500	355000	407500	359950	445000
E05000118	93750	100500	104000	121000	137875	154950	178000	195000	235000	265000	250000	260000	307500	284000	255000	297498	310000	297475	336500	395000
E05000119	94000	99250	120000	131500	151000	179995	195000	228500	250000	265000	282000	300500	325000	322500	308500	334000	333250	366750	360000	441250
E05000120	88000	92150	106250	123000	139000	178000	198500	225000	250000	280000	276250	302500	329000	312000	290000	328500	330000	331000	382500	421599
E05000121	65000	63000	66000	73250	77500	94000	109250	129950	150000	162500	170000	175000	199998	200000	184650	210000	185500	201500	219000	250000
E05000122	90500	94000	111000	114500	134750	159995	161000	192000	220000	229000	248998	240000	278000	275000	227000	250000	250000	260500	290000	340000
E05000123	71500	72000	79950	87750	90000	92000	114998	139995	170000	169995	185000	210000	228000	210000	215000	236475	250000	271000	289950	320000
E05000124	106750	121500	135750	146250	173500	199950	215000	244500	262500	295000	310500	327500	360000	345000	329500	379975	423000	405000	417500	485000
E05000125	74000	75500	85000	98000	103000	132500	142250	161000	185000	200000	214750	228500	249995	235000	235000	245000	250000	250000	268000	295444
E05000126	132250	130500	96500	113950	132500	160000	169500	198500	224000	241000	249999	258000	276000	302500	295000	322500	325000	277500	348750	468000
E05000127	108000	109250	127725	142000	156725	185000	215000	249000	250000	286000	307500	329975	359950	295000	322250	363000	370000	390000	400000	475000
E05000128	138975	156000	184500	191250	245000	282000	315000	339125	354000	365000	416250	430000	495000	499000	560000	572500	650000	700000	825000	850000
E05000129	85500	102500	115000	124350	151000	199000	203500	240000	205000	242500	257500	301500	339950	565000	345000	349975	365000	448500	537250	560000
E05000130	155000	145000	170000	185000	230500	288750	285000	349500	288750	365000	357500	385000	472500	505000	426250	640000	615000	618000	695000	813500
E05000131	88500	97500	128000	143750	150000	190000	202500	243000	240000	250000	310000	297750	330050	333750	390000	415000	413250	435000	450000	560000
E05000132	117250	120000	135000	142000	170000	197750	225000	260000	249950	285000	305000	352000	399950	415000	394950	425000	455000	477500	538000	575000
E05000133	175000	190000	215000	250000	268475	377500	385000	377000	465000	497500	487500	500000	582500	630000	652500	735000	795000	1030000	900000	955000
E05000134	128800	140000	130000	168000	179500	224500	237500	263000	255000	280000	251000	340000	400000	382000	372500	372500	415000	517000	526500	599999
E05000135	152000	196000	237500	245000	292000	358000	430500	465000	425000	500000	513000	575000	710500	835000	710000	745000	824900	835000	1012500	1190000
E05000136	107975	120250	109950	128000	169950	225000	240000	259950	249950	249950	289975	299975	327475	323700	301500	390000	375750	436000	437500	547305
E05000137	132250	149000	170000	182498	220000	227000	270000	299000	249950	280000	348500	355000	420000	558600	510000	492475	487500	520600	558000	650000
E05000138	134000	143350	170000	180000	217500	248500	290000	299500	250000	273500	355000	360250	425000	490000	425000	480000	535000	625000	630000	685000
E05000139	103000	118000	123500	157750	189000	208000	215000	228000	250000	257500	272500	295000	362500	307000	355000	365000	420000	418750	560000	630100
E05000140	85250	142100	114225	127000	151000	189096	195000	210000	237500	250000	254500	263500	340000	315000	290000	347500	381000	412500	427500	468000
E05000141	80250	75500	101000	105000	124500	174600	182000	205000	220000	249475	235000	285000	325000	325000	320000	340000	337500	380000	312125	625000
E05000142	99500	136000	136000	166500	161000	200000	259120	244000	255000	262000	276250	295000	325000	327500	408885	365000	375000	375000	547500	600000
E05000143	73000	72250	82500	95000	125000	142500	162000	183000	190000	207000	227750	240000	296250	280000	395000	340000	365000	339950	500000	465000
E05000144	134000	132000	161175	175000	199000	235000	257475	315000	320000	320000	400000	429250	462000	506225	480000	625000	570000	590000	625000	740500
E05000145	93800	102000	125000	135500	165000	215500	239000	250000	250000	329000	290500	328750	381550	374500	390000	450000	428975	495000	507500	622500
E09000001	106500	125000	135000	167500	180000	200000	237000	250000	284000	280000	310000	341000	412500	365000	410000	450000	465000	485000	615000	765000
E05000146	64998	64975	73000	77125	85500	99000	116000	150000	172500	182000	185000	195000	220000	225000	199000	210000	210000	215000	225000	250000
E05000147	81500	84500	92000	113800	124500	147000	165475	190000	225000	227500	245000	250000	264750	250000	241000	270000	272500	272500	295000	347000
E05000148	63000	64000	70750	85000	89950	112200	126000	153000	168000	184000	190000	197250	216000	225000	191250	200000	191630	210000	220000	246250
E05000149	59000	58500	65750	70000	79950	91500	112000	141475	156000	170000	175000	179000	205000	204000	174000	190000	180818	182000	210000	231000
E05000150	93000	99500	113950	132500	143000	170000	187500	214975	246750	273000	245000	274250	295000	302425	285000	291000	295000	320000	325000	375000
E05000151	95000	115000	119500	140500	137950	185000	186750	220000	240000	250000	249950	280000	331000	323750	270000	322000	305000	341500	340000	361000
E05000152	67750	68995	72725	76850	85000	105000	117750	145000	166000	178000	185000	192000	212500	220000	193750	205000	215000	210000	230000	250000
E05000153	78125	69950	77475	77750	83000	105000	117000	145000	152000	177000	178500	185725	200000	216000	185000	210000	207500	205000	196463	236000
E05000154	57500	56950	57748	67500	75000	83000	98000	115000	137500	150000	165000	165000	182750	181000	165000	160000	162000	170040	187000	220000
E05000155	75000	75625	82400	93000	96000	119000	130500	155500	178000	185000	189950	204250	220500	217500	200000	215000	197000	227000	220000	260000
E05000156	90750	90500	109950	119000	129000	145000	150500	178000	219975	235500	237000	248863	279975	250000	248975	280000	274750	279000	295500	340000
E05000157	59500	59725	66900	75000	83000	100500	109950	135000	161000	170000	179500	181000	198000	200000	180000	200750	186500	185000	200000	245000
E05000158	77000	84500	91000	108000	120000	150000	161000	190000	210000	215000	244000	240000	265000	249950	250000	262500	242500	269000	310000	350000
E05000159	105500	107500	118750	111475	132000	150000	165000	200000	219000	235000	238000	250000	250000	283750	247475	260000	272000	292000	302500	320000
E05000160	116000	110000	120000	139225	158475	178000	210000	238225	265000	273000	287250	290000	339000	348000	275000	325000	310000	338000	360000	392500
E05000161	59999	59950	67000	74950	75000	82150	92000	119000	149000	153000	160000	172000	193000	180000	138000	174950	165000	175000	188748	212998
E05000162	95250	97000	112500	126475	139000	169225	179500	226250	245500	249950	263000	279975	290000	309950	250000	282725	287500	301250	323750	344000
E05000163	91500	97500	96000	113500	134000	130000	139500	210000	227250	229975	245000	245000	296000	286500	249975	280000	270000	277500	305000	320000
E05000164	75000	74950	78500	74000	70000	79900	90750	115000	139950	144750	158375	161000	180000	179000	174975	200750	180000	186950	211500	240000
E05000165	64000	65000	69500	75000	83500	95000	117000	136000	159475	176750	175500	185000	198500	200000	189500	185000	195000	195000	215000	250000
E05000166	80000	81500	84975	84750	96500	98250	122500	153975	170000	175000	195000	211250	233500	250000	220000	233500	245000	250000	282500	289750
E05000167	62750	71500	72500	78500	81725	114000	115500	145000	165999	175000	189000	190500	207000	197250	185000	197750	198000	200000	207091	243250
E05000168	63000	64000	69950	80550	86950	105000	114000	139950	166000	178200	181500	190000	201100	220000	183000	180000	195000	189000	217000	235000
E05000169	60000	60000	69500	76000	81000	93000	115000	133250	158000	170500	175000	185000	205000	203500	175000	185000	191000	190000	220000	250000
E05000170	88000	107000	99000	119725	155000	180000	188250	226000	232750	248950	247000	287500	299975	330000	310000	326250	331500	379000	420000	570000
E05000171	110750	110000	115000	138000	157500	165000	220000	217000	240000	260000	256000	325000	312500	331000	365000	354000	361500	382500	461750	500000
E05000172	68250	73500	75125	85000	83750	105000	124500	160000	179000	193000	194500	173725	234500	240000	238500	247000	241000	240000	250000	265000
E05000173	106250	110000	120000	142000	160000	200000	211000	245500	234000	250000	250000	290000	316000	325000	333000	325000	339000	330000	442000	459970
E05000174	93250	102500	125000	133000	158000	186788	217750	249250	249950	268000	279975	302500	349475	330000	330000	319000	342000	380000	450000	536000
E05000175	72900	80000	85000	100000	120000	140500	165000	193000	198125	213500	226000	249995	280000	320000	265000	270000	278000	320650	296250	390500
E05000176	81500	88000	95000	105000	127000	150000	175000	185000	210000	237500	245000	245000	273500	291500	250000	280000	336500	326000	330000	408750
E05000177	66000	73000	78000	75154	83400	93000	119000	145000	155000	182000	194776	212500	205250	206954	173333	193000	207500	215000	229475	249000
E05000178	74500	75750	83000	93000	103000	124475	143000	169000	200500	220000	230000	235000	249950	250000	240000	250000	250000	260500	283750	307000
E05000179	108750	112000	122500	144000	155000	196250	229950	248500	265000	265000	317500	291500	350000	382000	315000	340000	370000	380000	420000	519000
E05000180	76000	83000	85500	97500	120000	136500	149950	180000	201750	220000	221000	240000	271000	269975	249975	279500	285000	292250	325000	386250
E05000181	66000	70000	75000	86000	99975	121750	135000	164000	196000	225000	220000	225000	248000	250000	228000	240000	250000	250000	253500	285000
E05000182	103000	108000	124975	149350	167500	205000	214500	250000	280500	295000	288725	332500	392500	386250	405000	395000	450000	450000	568000	615000
E05000183	75750	77000	90000	102000	115000	136000	150000	180000	223000	235000	243500	242500	269950	260000	240000	250000	270000	285000	305000	345000
E05000184	70000	70000	77000	84000	97950	115000	127875	152750	183250	200000	200000	206500	220000	245000	215000	240000	222500	249725	245000	300000
E05000185	67500	72000	74975	70000	81750	82500	100000	128000	149950	158000	161000	167000	194500	187000	205500	202500	204000	194500	195000	226111
E05000186	91000	80500	93575	104000	119000	139000	144000	175000	196000	204500	194250	220000	240000	240000	242500	222500	242500	275000	248000	257500
E05000187	71500	73886	86000	100000	113000	138000	155250	187000	225000	238000	238000	245000	273000	272000	249995	258500	262500	275000	296000	367500
E05000188	85000	92000	102750	120950	136950	158975	178000	220000	200000	225000	240000	250000	270000	263000	276000	265000	298500	325000	350750	440000
E05000189	62000	60000	74500	81000	90000	110000	130000	150000	188500	212000	219600	220000	233000	240000	220000	235000	230500	230000	250000	250000
E05000190	57000	59500	65500	75000	79500	95250	115000	141000	171250	191500	195000	200000	217000	225000	200000	215000	212000	220000	200000	243000
E05000191	117000	132300	164000	178000	220000	249000	279250	300000	305000	305000	380000	349950	430000	440000	470000	504050	570000	560000	622500	780000
E05000192	104950	107750	130000	149708	170000	188000	229950	240000	260500	280000	302500	327500	375000	335000	355000	409500	419500	440000	450000	612500
E05000193	80000	83000	90000	78750	106500	128250	148500	158500	185000	201875	207000	235000	250000	250000	215500	225750	250000	261000	280000	319995
E05000194	95000	96000	107000	119678	131000	142250	171750	197000	235500	247000	249500	269500	299995	295000	250000	305000	306500	310000	340000	360200
E05000195	73000	80000	88375	104995	106000	122500	130000	167500	187800	207750	206500	219000	232750	240000	230000	250000	250000	250000	277000	324000
E05000196	126000	126000	146000	154000	169250	207250	240000	245750	250000	250000	270000	360000	390000	445000	400000	351475	385000	400000	357500	472000
E05000197	64500	63000	72995	71500	72250	78000	91000	122000	148750	145000	155500	177000	174498	180250	174975	154995	186500	191250	196500	210000
E05000198	68000	70000	77375	84000	86250	102000	118500	140000	175000	193750	190000	197500	220000	220000	200000	206000	218000	214000	230000	250000
E05000199	65000	65000	78000	80000	88500	103000	125000	135000	159973	160000	170000	175000	204995	196950	199588	200000	195000	215000	195000	217250
E05000200	105000	98750	110000	120000	121000	149000	182625	225000	222750	242500	275000	300000	338000	276250	300000	289000	314000	350000	338975	360000
E05000201	63600	66000	74000	79000	85000	98000	110250	134995	165000	182000	180000	192000	221000	210000	200000	208000	203500	220000	225000	260000
E05000202	95000	103000	100000	110000	120000	124950	157000	190000	228973	236000	245000	249998	285000	265000	246250	280000	285000	297000	282000	375000
E05000203	67998	68250	76748	85000	88748	100000	109000	135998	167748	180500	193500	193000	220000	220000	205000	220000	214950	214000	230000	250000
E05000204	60000	62500	70000	75000	83000	99500	115000	135000	164000	176500	180000	188000	215000	205000	184000	195000	201000	205000	215000	248000
E05000205	85000	87500	95500	108000	124000	135000	152500	169975	220000	210000	225000	249997	275000	285000	250000	285000	273000	299975	300000	353500
E05000206	63000	61750	71500	79995	82000	94000	107500	123250	148000	157000	180500	180000	204995	201000	190000	200000	207000	192500	211500	248000
E05000207	67000	74000	81500	89000	93000	117000	129950	149998	174000	190000	185000	204000	223000	225000	223000	229950	218500	233000	243000	265000
E05000208	84500	99950	105498	106000	120000	155000	165000	185000	208750	223750	241550	239748	250000	250000	240000	269500	270000	285000	292000	347500
E05000209	91000	114500	125375	123000	152000	183750	181750	225750	245000	280000	278767	298018	339000	309025	295500	315000	347000	384950	410000	500000
E05000210	83000	85000	87550	112500	117000	139975	157000	179995	217000	233000	237500	241750	273500	250000	250000	289000	279000	281000	305000	350000
E05000211	68000	68250	79000	82000	83000	108000	113625	134995	165000	182000	182750	198000	215000	215000	205000	219500	220000	215000	232000	250000
E05000212	62000	63400	70000	76750	84000	98000	109750	135000	163000	175500	187000	190000	205000	203500	180000	209000	200000	215000	218500	250000
E05000213	97000	94500	115750	121500	147000	173000	198950	218323	250000	249950	290000	305000	339000	315000	346475	323750	337475	345000	422500	435000
E05000214	55000	57500	59000	64750	69500	82998	95000	124498	152495	161500	165000	175000	184995	195000	170000	177500	170250	175000	195000	250000
E05000215	97500	94750	110000	127750	144500	165000	177500	225000	218000	229475	250000	270000	331375	335000	320000	330000	352475	362500	350000	427500
E05000216	73000	80000	89995	90000	122000	117000	145000	178500	180500	195000	230000	215000	259500	240000	250000	302500	250000	309000	350000	363000
E05000217	81000	85000	89950	103500	122000	132000	140000	184248	196000	198000	218750	225000	249995	235000	225000	249475	263000	250000	265000	325000
E05000218	74250	80000	89950	100000	111550	135000	142250	164975	195000	207500	224995	232000	249995	249995	225750	250000	250000	253750	280000	345000
E05000219	75000	79900	76000	84000	94995	115000	120000	150000	176000	175500	185000	205000	212500	221000	210000	230000	216500	230000	247750	288750
E05000220	62750	64000	74500	85000	100500	111000	115000	138000	160000	173000	183000	195000	225000	225000	190000	215500	225000	247500	250000	315500
E05000221	57250	55000	57000	63500	69000	82500	89998	120748	165000	167000	172500	175000	190000	190000	155000	185000	175000	190000	193000	224995
E05000222	94000	105000	130000	129748	145000	190000	225000	249995	249950	250000	290000	310000	290000	295000	285000	319125	320000	294500	400000	450000
E05000223	78500	80250	77500	86500	90000	141000	135000	159950	167000	180000	195750	190500	220002	235000	210000	230000	227500	230000	245000	260050
E05000224	91000	94650	101000	82000	99500	110000	114700	140000	169748	184475	190000	196000	206500	217000	235000	242750	250000	250000	250000	292755
E05000225	77950	84750	90750	124500	140000	146500	192500	237500	235000	249995	261000	270000	298176	315000	310000	345000	310000	346000	357500	379000
E05000226	59125	59000	59995	62875	69000	85000	95500	119995	144995	162750	170000	174498	193000	195000	175000	185000	174500	175000	203000	249000
E05000227	64250	64500	70000	80000	85500	100000	117500	143000	170000	180000	190000	200000	218250	221000	190000	206500	210000	220000	248000	270000
E05000228	63995	74500	76995	72495	84950	97500	115995	132998	149950	160000	190000	198475	179000	180500	155000	175000	157000	163000	157000	190000
E05000229	64000	61750	60750	60000	71625	79725	95000	112000	142625	150000	165000	163000	175000	174995	187498	177500	170000	185000	224500	267500
E05000230	75750	74000	59995	75000	78000	85500	97250	128500	175000	167500	217646	249998	245000	243500	250000	245000	215000	203200	276500	266250
E05009367	73750	79000	95000	111850	131000	150000	163000	182000	189995	225000	223000	256000	288975	283750	284750	310000	315000	315750	365000	446515
E05009368	80500	88975	78725	79995	103050	130000	150000	165000	181000	185000	211500	210000	239950	250000	230000	250000	291000	292500	293250	375000
E05009369	87250	93500	97000	120000	142000	155000	199950	209975	222000	235000	249000	246500	269995	355000	300000	365000	334700	399998	405000	477500
E05009370	69995	70000	82600	95000	113000	125000	164000	199995	207625	223750	215000	249145	280000	265000	290000	318500	315000	368500	400000	532500
E05009371	136500	135000	122750	150000	173000	161750	240000	190000	227998	250000	281500	330000	339950	310000	337000	378500	382500	340000	417500	499475
E05009372	77000	72000	75748	90500	102000	121000	155750	175000	183000	212000	214500	247875	250000	250000	248000	271250	315000	325000	387500	450000
E05009373	71000	70000	85000	89475	90000	123000	145000	160000	174000	204500	188000	210000	249995	250000	245000	272500	275000	322500	340000	433000
E05009374	71998	82250	79250	90500	91000	113500	130000	140000	170000	185000	184000	218500	245000	235000	208500	247225	270000	321000	285000	340000
E05009375	66000	66000	79000	87750	95000	115000	170000	179975	175000	186000	190000	245000	250000	250000	260000	317500	277500	325000	345000	425000
E05009376	62500	60000	73000	82500	99000	105000	132000	140000	174000	182000	163000	185000	215000	210000	195000	237000	216250	249995	250000	398000
E05009377	72500	81750	80000	77000	130000	215000	240000	260000	270000	295000	250000	290000	375000	303000	365000	275000	363500	385000	445000	517500
E05009378	74498	80375	75000	111000	160000	171000	190000	262500	196500	193500	220000	254000	260000	330000	356500	301875	320000	351000	420000	482000
E05009379	63750	72500	80000	87500	124500	126000	125000	160000	198000	220000	194000	239950	260000	250000	305000	317500	340000	271000	423000	405000
E05009380	78000	80000	83998	90000	111000	119000	157500	175000	185000	196740	224000	225000	230000	230000	178837	226250	260000	307750	334000	380000
E05009381	87000	97000	105000	111500	126000	145000	195000	190750	230000	226643	234995	245000	275000	285000	290000	285000	345000	362500	366000	477500
E05009382	68500	85000	97995	82050	113250	141475	153500	171000	204250	210000	200000	246750	278500	250000	250000	250000	281500	301250	376000	447450
E05009383	88500	80000	81000	89500	125000	119950	125000	159000	170000	203500	212000	208000	229123	240000	235000	250000	224000	301250	250000	300000
E05009384	72000	79000	85000	89998	120000	121500	138500	186000	209250	190000	230000	211000	265000	293000	231000	252500	250000	305000	333250	400000
E05009385	96500	97750	105000	120875	140000	195000	219000	249950	249995	249950	256500	280000	380000	332500	366250	362500	417500	465000	450000	499975
E05009386	64000	76000	84975	86000	113750	134000	155000	185000	203000	221000	206750	248000	293500	265000	250000	323000	320500	345000	392250	492500
E05009387	90500	75000	79950	74000	99000	126000	131500	130000	160000	150000	170000	216750	213500	223000	230000	215000	230000	308700	280000	345000
E05000250	98000	104000	114950	124000	157000	195000	216750	237750	235000	250000	268000	292062	371157	376500	351500	422000	378250	410000	535000	572500
E05000251	88495	87000	104500	125000	155000	185000	201000	219500	235000	237000	249950	290000	322500	320000	320000	355000	360000	360000	390000	500000
E05000252	104500	112750	139850	162000	165000	199950	220000	245000	249950	270000	260000	305000	361250	370000	390000	425000	432500	437500	475000	618250
E05000253	77500	76000	90000	107500	115000	160000	173500	193000	225000	239000	246500	240000	316875	300000	267500	291000	273500	320000	349000	458000
E05000254	129475	127050	151750	165000	210000	230000	249950	300000	312000	320500	330000	365000	427500	450000	440000	500000	499950	490000	575000	805000
E05000255	132000	140800	145000	170000	207725	245000	257000	269750	285000	295000	325000	340000	398000	425000	451000	475000	450000	470000	500000	786250
E05000256	100000	130250	140000	166150	190000	208000	249300	270000	289000	288000	329125	299976	356250	352500	380000	468000	390000	475000	595000	741250
E05000257	133000	150000	158125	195000	220000	240000	260000	304250	314500	326000	370000	428000	475000	540000	515000	587500	535000	650000	640000	745000
E05000258	94750	99750	122000	135000	157000	190000	197000	237500	240000	248000	249999	280918	370250	351250	335000	370000	395000	380000	445950	558000
E05000259	147000	152000	165000	195000	231000	270000	320000	315200	328750	382500	387500	470000	500000	540000	590000	527500	598750	710000	727500	950000
E05000260	190000	220000	202500	231000	303500	330000	370000	417500	465000	490000	537000	550000	652500	620000	785000	750500	1125000	950000	995000	1330000
E05000261	136750	142125	165500	200000	230000	288750	235000	342500	361250	415000	417500	399950	420000	485000	497000	492500	603225	585000	575000	704000
E05000262	155000	163807	189000	225000	250000	250000	299950	320000	424975	414975	475000	475000	499950	680000	530000	450000	512000	586500	740000	827750
E05000263	91500	98000	106500	121875	165000	185000	210000	231000	240000	250000	239975	307000	336100	335000	325000	335000	322500	381000	440000	440000
E05000264	134250	137000	176750	188225	221000	245000	270000	286750	300000	326500	367500	415000	453051	430000	455000	605000	468000	566000	712500	690000
E05000265	89000	90875	120500	131000	152000	200000	220000	244000	243000	249250	293000	293250	349000	349250	330000	376756	375000	454300	402500	427500
E05000266	115000	120000	125000	151500	160000	210000	217750	249000	291500	267750	311500	367000	390000	439500	380000	430000	497500	402000	543500	625000
E05000267	71000	72000	81000	85750	93500	110000	135000	170000	189950	186000	211000	197750	240000	241150	215000	250000	295000	249100	252000	332350
E05000268	64000	65000	74000	76750	82500	100000	114000	131000	150000	165000	190000	195000	224998	220000	220000	223000	220486	216500	250000	325000
E05000269	101000	111000	123000	140000	165000	191000	216357	261250	250000	295000	268000	310000	358475	402500	341000	400000	420000	425000	474400	563750
E05000270	105000	113750	128750	129475	140000	200000	199475	225000	248250	275000	285000	320000	377000	295000	282000	359500	400000	450000	425000	465000
E05000271	69250	73250	81000	89950	105000	130000	145000	180000	190000	200000	210000	240000	284500	265000	250000	285000	305000	342500	351399	430000
E05000272	124125	124000	138000	145000	173000	220000	245000	272000	250000	307500	319175	350000	420000	415000	454500	438250	465000	410000	550000	732500
E05000273	79000	89950	90000	110000	135000	159000	179850	205000	214250	239000	243000	238000	295000	297500	282250	310000	307500	347047	350000	419000
E05000274	135000	128000	135000	175000	185000	230000	262500	285000	318500	272500	325000	376250	499997	390000	560000	425000	570000	450500	700000	820000
E05000275	65750	68625	80000	85750	94000	125000	141500	160000	182500	201000	206000	220000	250000	270000	230000	250000	250000	252000	290000	350000
E05000276	62000	63500	70000	71750	79500	94000	100500	120250	136000	150000	171500	175000	190000	195000	175000	197250	183000	185000	185000	252500
E05000277	65875	68000	73000	79998	85000	115000	129950	155250	175000	175000	198250	220000	235750	232500	235000	240000	249973	275000	309000	370000
E05000278	65500	66500	77500	86000	95000	115000	130000	171000	180000	203500	230000	227150	245000	250000	215000	243000	279950	247975	333500	372500
E05000279	83000	86750	89950	117000	133750	158625	172000	202375	222000	220000	239500	262500	318000	345000	310000	342000	325000	349000	387550	477500
E05000280	60000	62950	69995	75000	79750	95000	122500	131995	160000	170750	169500	175000	230000	210000	208250	190000	211000	227000	250000	326500
E05000281	59248	58000	64000	71500	78000	92000	107750	125000	150000	160000	150000	185000	207500	200000	182000	200000	200000	216016	230000	251500
E05000282	68000	75500	79934	80000	102250	120000	134475	172000	180000	190500	209000	210500	265000	249995	250000	265000	296000	279050	281500	350000
E05000283	60000	62000	69000	77150	80000	98500	119500	131500	160000	169000	175000	187500	208000	220000	190000	215000	216000	225000	230000	267000
E05000284	70000	69500	74500	85000	96000	127875	136000	164998	178000	182000	216000	224000	249000	249500	240000	247750	270000	257000	266500	345000
E05000285	90000	93000	115995	130000	150000	172000	190000	238000	261500	279975	284975	300000	339975	322500	297475	370000	367500	370000	380000	435000
E05000286	95500	93000	120000	147500	142500	167975	181000	225000	250000	295000	313500	350000	358750	311000	315000	305000	301250	355500	360000	402500
E05000287	79000	81000	95000	100000	119500	148000	163000	190000	230000	249950	245000	250000	275500	270500	250000	280000	275000	300000	326250	357500
E05000288	72100	74250	81875	90000	112000	120000	157800	162000	188000	205000	208975	207500	223275	241000	230000	233500	235000	235000	250000	272000
E05000289	86000	89000	102000	110000	133975	141000	170000	196500	221000	231500	250000	270000	280000	267000	250000	289000	295000	278000	313750	343000
E05000290	92500	84000	96500	105000	119950	137250	160500	187000	230000	245000	248000	249725	280000	258500	280000	315000	277998	335000	311250	384000
E05000291	120650	129750	141750	149500	159000	205000	182000	242000	270000	247000	355000	352000	335000	317500	291500	385000	368500	295000	440000	500000
E05000292	104371	112250	130000	141000	159000	185000	220000	249950	280000	280000	291000	310000	345000	360000	302000	390000	365000	377000	399975	427500
E05000293	81750	84000	92000	104500	122500	132950	152613	173500	215000	206000	235000	263750	237000	265000	250000	253500	272500	239725	264250	322500
E05000294	75000	79725	92348	103000	118000	150000	164000	199000	237250	249000	249000	249475	275000	250000	250000	300000	297500	307500	305000	380000
E05000295	87000	90000	112750	125000	134950	165500	185500	226000	250000	266250	270000	294950	332500	331500	307000	337500	320000	352000	375000	434475
E05000296	68750	69000	78475	86000	103000	119950	129000	155000	177000	195000	215500	220000	240800	240500	240000	210000	235000	243000	275000	268950
E05000297	95425	103500	110000	128000	140000	165000	185000	210500	238750	250000	275000	293125	311500	310750	302000	320000	476000	385000	340000	400000
E05000298	118500	122388	133500	154500	165000	235000	229950	250000	311000	305000	321000	336000	395000	350000	351000	416750	400000	436000	470000	520000
E05000299	78750	79750	93000	109500	119000	145000	160000	185000	229950	240000	240000	249950	265000	305500	250000	272050	283000	314975	332250	390000
E05000300	85000	85500	104450	113000	129000	154000	166800	204975	239500	250000	249950	250000	294000	285000	277000	306000	313500	314000	335000	380000
E05000301	71000	74000	83400	91000	105000	126250	139500	173000	182000	206000	225000	220000	245000	200000	187000	230000	225500	224995	235000	290000
E05000302	78000	80000	92000	103000	108000	134000	156000	184000	210000	231233	240000	244975	250000	250000	242000	279000	250000	264750	292750	355000
E05000303	114000	141250	137000	142000	180000	195000	214500	287950	305000	325000	270000	334000	345000	373000	320000	322500	347500	340000	405500	555000
E05000304	73500	75000	86250	93000	104000	118975	145000	168500	196000	215000	224500	230000	246250	248500	237325	249950	250000	250000	249950	310000
E05000305	81618	86500	102000	109750	116000	151500	162500	193500	227000	242000	247500	261500	305000	273000	271000	320000	315000	324000	352000	363500
E05000306	64998	63000	70000	75000	83000	96748	111000	135000	162995	177500	182000	189995	207748	213475	174498	208000	201000	172998	187000	207500
E05000307	87000	88000	91995	111000	117000	134750	152500	173500	199995	215500	230000	241250	250000	250000	230000	248000	258500	270000	282500	320000
E05000308	66600	67000	75000	82000	86000	103000	117750	139995	169995	188250	193000	194000	220000	225000	187500	207750	200000	212000	225000	250000
E05000309	94000	112000	112750	127500	159995	165000	173000	212500	242000	265000	275000	290000	295000	318000	270000	324998	310000	295000	340000	365000
E05000310	58000	57500	62995	68000	69998	82500	92000	110000	137250	148000	158000	162995	185000	189000	159500	164998	168000	175000	183998	229000
E05000311	78000	79750	87500	93500	99998	120000	138000	162000	200000	209998	225000	234995	249995	245000	225000	242500	250000	250000	265000	296500
E05000312	73000	72750	76500	80750	85250	110000	126000	141000	165000	175050	182000	198500	215000	220000	196000	220000	214000	220000	227625	250000
E05000313	65500	70000	77000	81000	87500	110000	119000	144000	172000	190000	193000	190000	225000	232250	187500	218000	208000	203650	220000	250000
E05000314	56750	56500	62000	69000	69000	81750	88500	115000	139000	152995	154000	164000	177950	180000	160000	173500	165000	170000	189998	217000
E05000315	77750	83000	88000	91000	109000	130000	142000	176000	198000	210000	222500	234998	248000	250000	225975	250000	235000	243000	250000	275000
E05000316	65000	69748	74000	80000	85000	105000	114000	137750	169000	180000	185000	196500	220000	212000	190000	210000	199000	210000	224000	250000
E05000317	85000	89750	100500	107000	123000	135000	153500	182748	232000	229000	230000	235000	260000	265000	248650	260000	250000	255000	265500	295000
E05000318	64500	65250	67500	77000	80000	91500	107000	127500	162500	175000	174000	189000	208000	212000	188750	194500	195000	200500	199998	240000
E05000319	67000	67000	72998	76500	85000	93000	114000	135000	157500	171050	179995	185000	195000	191000	174500	185000	201200	206000	208000	225000
E05000320	78000	75000	86525	91500	103500	114950	129950	163000	190000	209000	215498	213000	240000	220000	225000	235000	233500	242500	240000	272500
E05000321	60000	64950	69500	77000	81000	105498	118000	130000	165000	179995	177000	191750	210000	210000	180000	192000	187500	199998	203000	242000
E05000322	82000	85800	94000	101000	109000	126250	140000	145421	169995	193000	223500	233498	240000	212000	215000	249999	249250	239998	250000	280250
E05000323	101750	107500	112500	137000	152000	159995	203500	225000	269000	265000	305000	305000	349000	310000	325000	370000	345000	365000	382000	420000
E05000324	67250	69000	75000	82975	90000	117750	129950	160500	184975	200000	205000	212000	235000	242500	210500	224250	225000	242000	249000	250000
E05000325	67000	65500	74000	82000	89000	116000	129950	157000	184000	200000	196000	215000	234250	235000	211000	215500	190000	210000	240000	250000
E05000326	76000	75000	82725	90000	105500	128500	139973	165000	193000	210000	209000	218000	230000	245000	220000	230000	226750	235000	245000	273750
E05000327	86500	91500	109500	115000	137500	151000	176000	198500	225000	247000	250000	263500	305000	278000	264250	284975	320000	317500	320000	400000
E05000328	68000	70500	76500	84950	99500	117000	134950	162500	190000	205000	217000	223975	232000	242000	220000	245000	220500	247500	250000	275000
E05000329	122550	131000	150000	174500	178725	220000	245000	285000	315000	335000	349975	362500	395000	377500	350000	385000	399998	423000	452500	500000
E05000330	79250	83750	114000	108250	115000	139000	153080	179000	210000	216750	220000	228750	248000	245000	245000	241500	243000	250000	265000	310000
E05000331	68000	69000	69975	70000	81000	90750	110000	137500	145000	175000	166725	174500	194000	203500	175000	240000	230000	210000	211000	209000
E05000332	73375	73750	86000	96500	102975	128650	138000	172000	194500	215000	215000	230000	248750	247500	220000	250000	249225	250000	270000	311000
E05000333	127000	130000	145750	165000	184500	229975	249500	280000	319975	337000	355000	365000	400000	371000	342500	399975	389500	397975	433000	521000
E05000334	81000	84000	94950	108000	118500	140000	155000	184950	211000	225500	231500	249975	272500	270000	247500	269950	275000	284999	316000	372500
E05000335	100000	116000	118250	127725	139950	167615	195000	224950	258750	249950	314000	315500	325000	300500	320000	318500	345000	328000	372400	470000
E05000336	96500	98500	116000	113500	126000	171500	167500	211000	229975	227500	250000	275000	305000	310000	296250	320000	356000	347500	373975	413500
E05000337	65000	67000	77000	83000	94950	120000	135000	150000	192250	210000	210000	212750	235000	247725	225000	228000	233000	242500	245000	280000
E05000338	75000	79000	88250	100000	104000	123000	149950	165000	189473	207000	220000	227500	250000	250000	231750	250000	250000	270000	287250	305000
E05000339	69000	67000	75000	82375	87000	107000	125000	157100	178000	196500	205000	213000	230000	230000	213500	235000	250000	250000	229950	280000
E05000340	95000	98000	98375	106000	138950	145000	179750	195000	227000	248000	245500	250000	298475	249950	225000	249950	235000	231000	295000	349950
E05000341	78000	77625	79000	90000	100000	119950	123000	143850	171000	185000	179375	210000	221000	223000	180000	191250	198500	230000	225000	259000
E05000342	73000	74000	77475	85000	94475	119000	128500	162000	175500	185000	196025	214000	215000	222705	200000	220000	220000	241000	242995	249997
E05000343	83500	88500	94000	116000	127000	147250	169975	180000	214975	220000	237000	250000	270000	250000	234000	282000	305000	315000	309995	335000
E05000344	67000	68000	72000	84950	96750	88500	118975	139725	165000	183000	205000	203000	214500	225000	206000	218000	220000	215250	225000	250000
E05000345	65000	67000	70000	73475	81000	86500	115250	128000	145000	156000	173750	194000	212750	208500	188000	205000	218250	205000	210000	225000
E05000346	68000	64000	71950	79950	85000	104250	117500	139000	162500	178500	178500	187000	212257	220500	195000	216500	200000	181000	226500	229000
E05000347	81000	80000	88500	126875	128500	159770	174950	245000	245000	240000	247000	249999	299725	292500	250000	279950	290000	338500	292000	370000
E05000348	150000	158975	160000	196500	250000	265000	320000	338750	333500	340000	380000	449725	500000	481250	446250	578750	599975	672500	747500	772500
E05000349	124225	140000	135000	182250	205000	245000	249950	302500	320000	315625	315000	400000	443750	440000	530000	495000	500000	462500	575000	650000
E05000350	68000	72000	73000	85000	95500	114250	130750	143000	195000	205000	227500	220000	249000	249650	225000	243000	248000	249000	250000	226500
E05000351	65000	67750	72000	83000	90000	110000	124000	148000	168250	180000	190000	198000	225000	225000	210500	225500	219250	225000	240000	270000
E05000352	72950	64000	67000	78000	85000	107000	119950	139000	159950	175000	180000	193306	220998	220000	186500	202000	196000	205000	210000	225000
E05000353	65000	66000	73000	87225	92375	110000	120000	138000	164000	175000	180000	192375	220250	217950	196000	202000	205000	222500	228500	250000
E05000354	69000	70000	74950	75500	91750	114950	119500	144000	165000	170000	183000	194450	223500	203000	196750	213625	225500	205000	234950	250000
E05000355	74500	75250	86500	89700	104950	120000	157500	176950	209500	222000	235000	230000	264000	250000	249500	265000	262500	250000	250000	348000
E05000356	69300	79800	80000	91000	114000	123500	151500	169000	190000	195000	220000	225000	249950	250000	250000	249950	250000	249750	275000	248000
E05000357	76750	75000	80000	91750	105000	125000	134500	175000	206500	204000	203996	235000	245500	240000	240000	235000	180000	245000	270000	280000
E05000358	68000	70000	80000	90995	110000	127500	137500	169500	192500	200000	215000	240000	249950	229000	213975	226000	239500	231125	242500	249950
E05000359	67500	70935	80000	84475	95000	112500	134500	161995	188000	191000	197748	223750	221000	220000	237500	227250	205500	226500	240000	249950
E05000360	80000	80750	95000	111500	125000	149950	171500	192000	224500	235000	245000	250000	297725	286250	250000	275000	277000	302500	330000	375000
E05000361	70000	71500	77300	86150	98500	120000	140500	148500	199975	207500	211000	225000	218500	225000	175000	230000	239000	245000	242500	270000
E05000362	75000	76950	82500	97000	119975	133000	147500	178000	203000	199475	215000	237500	249950	235500	240000	250000	246250	257500	315000	301000
E05000363	84500	88500	85975	121500	126225	141250	172000	199950	200000	274500	246000	265500	299975	270000	237475	250000	297475	400000	372500	345500
E05000364	79750	83000	92250	105500	125000	150000	183000	224950	250000	250000	258000	263000	285000	260996	244000	245000	286750	276000	320000	365000
E05000365	105950	110050	137750	145000	177250	241000	249250	288000	277500	280000	300000	315000	425000	475000	437500	470000	375000	442500	499998	634000
E05000366	103000	123000	140000	147950	204000	240000	247000	250000	292500	286250	320000	375000	391250	425000	400000	470000	430000	523500	495000	715000
E05000367	102450	143000	170000	190000	188750	245000	250000	290000	300000	295750	312500	340000	430000	405000	385000	450000	445000	480000	610000	640000
E05000368	120000	127500	129999	158000	159000	164995	180000	220000	223250	240250	250000	260000	285000	330000	314248	345000	345000	361000	499999	447500
E05000369	113000	128500	127376	155000	167750	200000	220000	234100	250000	289000	279950	317500	370000	340000	345000	400500	403000	482500	499999	550000
E05000370	150000	135000	180000	195000	230000	240000	287500	302750	295000	320000	330000	360000	460000	420575	482500	485500	455000	573475	640000	732500
E05000371	78000	97250	112245	115500	154950	181450	178000	210500	205000	236250	228500	246000	283500	288750	250000	280000	315000	273950	360000	410000
E05000372	120000	127000	138000	153000	189000	197500	245000	248875	245000	280000	300000	377500	415000	383500	366500	442500	446500	499950	540000	667500
E05000373	107000	107500	129975	149000	170000	250000	227000	249995	245000	277500	301000	310000	350000	360000	353750	375000	400000	400000	469500	500000
E05000374	93250	108000	112850	125000	154000	175000	185000	210000	191000	222000	250000	250000	299995	317500	315000	355000	375000	371000	380000	447500
E05000375	75750	80000	90500	99950	125000	159475	165000	189500	215000	217500	242500	277750	312500	285000	265000	283350	328500	364950	390000	405000
E05000376	92000	84975	108475	131950	147000	166250	185000	200000	205000	232500	236000	249000	290000	285000	275000	315000	334975	375000	394240	452000
E05000377	90000	90500	102750	120000	155000	185000	205000	225000	210000	239975	249000	265000	330000	325000	300000	333750	372500	368750	405125	525000
E05000378	88691	88750	96500	114995	134998	181500	187750	213500	226750	230500	240000	250000	299995	308500	280500	338750	345000	358750	405000	495645
E05000379	125000	121000	152000	184500	195000	249950	249000	266500	293750	285000	349000	376970	427555	407500	390000	499950	523500	530000	610500	650000
E05000380	152875	170000	152500	182500	227500	265000	258500	330000	325000	292000	374750	399950	409975	400000	397475	575000	502500	460375	595500	667500
E05000381	80000	83000	95000	98000	130000	135000	166500	192250	195000	201250	225000	249500	273000	320000	297500	320000	340000	333000	345000	465000
E05009388	217500	247000	250000	306500	360000	415000	382500	395000	379000	494999	422500	500000	762500	681500	735000	805339	895000	1080000	1337500	1250000
E05009389	220000	250000	291250	270000	360000	410000	399975	420000	435000	440250	542500	660000	758000	772500	750000	870000	1175000	1175000	1797500	1722500
E05009390	265000	232000	292500	325000	383750	450000	480000	490888	500000	685000	735000	780000	885000	915000	1000000	902000	1112500	1350000	1475000	1500000
E05009391	163000	177000	214000	245000	249900	310000	330000	372500	391000	415000	418000	499725	607500	540000	650125	725000	732500	780000	717500	1100000
E05009392	140000	167250	180000	187000	248000	275000	317000	385000	355000	385000	365000	480000	585000	590000	527500	683050	682500	860900	750000	970000
E05009393	200000	232500	285000	324000	337500	400000	417000	447500	445000	525000	535000	610000	760000	818750	786500	875000	960000	1132500	1275000	1350000
E05009394	112000	120000	130000	141475	225000	177000	225000	250000	249500	270000	290000	357500	300975	308750	425500	482500	475000	520000	496250	600000
E05009395	132000	135250	159975	168521	210000	240000	284500	318000	300000	335000	336500	410000	425000	465000	482000	600000	550000	694975	738000	815000
E05009396	85000	83000	107000	118500	145000	200000	187000	221500	248000	231500	250000	290000	350000	367500	320500	249950	385250	402500	482500	533800
E05009397	199000	226000	232500	220000	280000	349950	369950	415000	435000	450000	465000	497750	600000	680000	610000	651000	737500	735000	995000	1310000
E05009398	179950	200000	238750	255000	280000	300000	362500	390000	390000	541250	455000	633500	720000	1210000	723501	1305000	625000	1130000	1150000	1750000
E05009399	103500	107500	145000	133500	156000	190000	173666	226500	218750	295000	282500	309975	340000	317500	487500	581130	600000	443700	457500	495000
E05009400	155125	174500	203000	215000	280000	275526	345000	375000	362500	400000	420000	499975	685000	665000	550000	722500	815000	880000	972500	1106000
E05009401	217250	278400	306250	266000	304500	400000	475000	515000	500000	550000	565000	610000	765000	825000	897500	900000	997500	1218050	1425000	1775000
E05009402	180000	190000	230000	249970	265000	340000	386500	387500	405000	440000	460000	525000	602500	711000	647500	697500	686000	760000	905500	1000000
E05009403	227000	266250	300000	325000	325000	390000	447000	500000	499000	620000	595000	582500	742944	895050	865000	1155000	986250	1297500	1495000	1825000
E05009404	105000	128500	154500	169350	199000	233000	230000	279975	248500	315000	330000	363000	530000	450000	460000	550000	499000	642250	750000	710000
E05009405	180000	205000	210000	250000	284500	370000	372500	401500	500000	425000	575000	600000	635000	720000	757500	750000	900000	845000	890000	1160000
E05000400	90000	83250	87250	112500	126000	140000	178000	201000	209975	237000	238000	259000	312500	285000	245000	340000	327000	345000	387500	404975
E05000401	73625	81000	95000	99500	122500	139500	157000	193000	207250	215000	230000	243000	285000	266250	250000	300000	292500	320000	315000	361125
E05000402	87000	88500	97350	113000	128975	144500	170000	209975	213000	235000	239500	250000	305000	300000	290000	318500	310000	347500	356000	435000
E05000403	87500	97000	111000	147500	151500	175000	208750	235000	249995	274950	274000	290000	308998	317500	320000	405000	339325	398250	400000	449500
E05000404	75250	77975	85000	99000	111000	129000	142000	170256	187000	210000	210000	220000	249950	249950	236250	242750	248000	250000	267500	310000
E05000405	81950	77500	79950	91250	117000	131950	152500	167975	185500	199975	205000	215000	244950	242500	218000	235000	249950	240000	250000	315000
E05000406	125000	155000	110995	127000	191475	195000	172500	245000	223000	328250	275000	347000	397000	391500	500000	465000	480000	500000	600000	480000
E05000407	104000	110500	125250	135500	152500	174000	202000	214975	230000	250000	280500	325000	341000	346750	329975	339975	359000	405000	435000	480000
E05000408	81750	86995	99000	112950	130000	172500	179950	226500	216750	235000	241100	260000	294000	310000	297500	300051	305000	342500	330000	400000
E05000409	78125	84975	82000	95000	115000	139475	145000	173500	205000	207000	230000	230000	271000	271000	250000	283500	285500	270000	307500	341750
E05000410	104750	107000	116000	123000	124000	158500	170500	230000	249950	232000	266750	290000	326250	287500	303000	362500	370000	355000	350000	395725
E05000411	94000	104950	110000	141500	155000	181475	199475	222000	245000	246500	274000	300000	355000	315000	305000	330500	335000	335950	390000	443568
E05000412	75000	74950	82000	92975	125475	146000	150000	185000	205000	219475	222500	235000	280000	286000	243500	277500	291000	322500	329000	395350
E05000413	75000	82500	88000	101500	124250	145500	163000	180000	203000	230750	225000	241750	268975	283500	250000	285000	270000	282000	325000	396770
E05000414	77000	79000	89950	102000	110750	137000	150000	170000	197000	210000	217000	234850	260000	250000	235000	250000	250000	270000	304995	337195
E05000415	119000	124000	142500	144600	169500	213500	229000	245000	275000	285000	297500	345000	387500	405000	377500	399950	440500	437000	534623	550000
E05000416	138000	160000	154500	211000	235000	225000	250000	300000	296125	282500	288000	315000	368725	331500	387500	434000	402500	402500	485000	590000
E05000417	67113	73000	85500	99000	119000	146500	172000	187750	195000	210000	220000	240000	284975	260000	248000	272426	284000	310000	351500	420000
E05000418	115000	115000	139950	163500	184950	240000	253500	285000	288000	300000	335000	350000	385000	391000	391000	436000	455000	465000	545500	620000
E05000419	89000	91750	115000	130000	167500	197500	230000	240000	242000	250000	275000	290000	383750	362750	355250	375000	354508	415000	460000	610000
E05000420	69950	70000	87450	95000	120000	154500	144500	175475	180000	210000	229000	216975	245000	249997	250000	250000	270000	300000	339000	435000
E05000421	71500	78000	98000	124975	140000	187500	206750	225000	226750	245000	250000	270000	320000	315000	295000	315000	333860	347500	403250	497475
E05000422	65000	71000	75000	77000	84000	99500	125000	148000	165000	185000	180000	202000	242000	235000	230000	245000	246000	268750	287475	350000
E05000423	77500	80850	86000	96000	120000	132000	169000	190000	196000	210500	228500	216250	280000	288000	265000	295000	330000	339950	381985	432500
E05000424	69250	74975	83000	79975	90000	110000	137500	160000	175000	190000	185000	207000	240000	250000	219750	250000	246000	255000	285000	355000
E05000425	78950	81000	92000	118950	135000	183000	184000	203000	201500	230000	240050	250000	282750	272500	269000	279000	335000	330000	364500	430000
E05000426	72000	80000	85000	115000	135000	215000	219950	240000	302805	225500	326902	273000	302000	354950	280000	350000	360000	345000	550000	699995
E05000427	103500	104250	144000	126000	155000	182000	290000	320000	235500	300000	249950	293000	349975	330000	325000	333750	356250	415000	448750	495000
E05000428	67375	79975	78000	83500	96000	123000	138000	159000	180000	205000	196500	225950	250000	230000	245000	250000	245998	250000	286000	340000
E05000429	89995	85000	86000	115500	127500	139000	190000	185999	188000	198355	199500	229950	271000	250000	250000	271250	331500	262475	306785	391375
E05000430	79800	78000	88000	89000	98000	125500	140000	173000	170000	204500	200000	230000	259363	245000	241000	280000	261250	292500	310000	359000
E05000431	68000	65000	84000	90000	105000	127500	143000	172000	197250	217500	225000	227000	256000	260000	235000	250000	242000	268000	285000	375000
E05000432	73500	75000	79500	86000	83000	110000	130000	153000	165000	173000	183000	221000	240000	235750	217825	215000	227500	250000	265000	345875
E05000433	83875	87500	115250	130000	158000	194000	222000	225000	247625	262400	253750	320000	338348	336500	350000	395000	420000	457500	464000	511250
E05000434	84000	87975	86000	97000	121250	150000	155000	187250	199500	207000	225000	250000	250000	272750	300000	290000	305000	307500	330000	412748
E05000435	74500	72500	84000	102500	134000	160000	161450	196600	180000	197000	200000	225000	250000	250000	250000	270000	250000	285000	331000	417000
E05000436	69950	86750	93495	105000	135500	177000	179975	200000	205000	219975	229000	249973	279998	270000	262000	292500	318750	315000	350000	395000
E05000437	62500	65000	71400	76000	81500	99950	115500	129000	159475	171000	180000	182000	200000	205000	180000	192000	205000	210000	210000	265000
E05000438	91000	92000	105750	120000	140000	157500	169998	205500	196188	219975	249250	250000	306250	285000	247000	320000	350000	322500	329950	385000
E05000439	65000	65500	73500	82975	100000	117750	138500	170000	180000	194250	200000	223000	232000	247000	240000	250000	250000	250000	280500	330000
E05000440	72000	73000	80000	90000	100000	126000	136000	163250	201500	210000	210000	233000	248250	241000	235000	249475	242000	247500	280000	332500
E05000441	67725	68000	74442	85000	93500	115000	138000	166000	180000	210000	210000	227500	270000	257500	241000	271250	280000	307000	350000	455000
E05000442	60000	59250	62500	69000	76500	95000	105000	127500	152000	163000	173000	173000	200000	205000	172750	187000	184250	183500	205000	242500
E05000443	61495	65000	64000	71500	80000	104500	125000	135000	150000	172000	170000	246000	200000	214875	206500	190500	188000	231000	250000	315000
E05000444	76950	75800	81750	82000	85000	110000	120000	150000	166500	170000	182500	219950	241223	235000	230000	249500	242500	269950	272500	340000
E05000445	70000	73000	75750	76500	85250	95950	110250	133000	164300	176000	182000	189000	205000	225000	200500	200000	214000	235000	238998	250000
E05000446	69867	72950	78000	82500	90000	117000	138000	163000	172000	195000	196250	227050	250000	250000	240000	250000	277500	272000	325000	370000
E05000447	73500	74000	87000	89973	105000	123500	139475	169995	186000	199000	216250	215000	249973	250000	250000	267498	284000	301000	320000	402500
E05000448	64500	65000	70000	75000	76000	95000	112000	133000	154500	167498	185000	200000	212505	202000	185000	189500	200000	220000	245500	290000
E05000449	59250	57000	60000	62750	63500	73000	92500	117000	140000	144250	147750	150000	172000	179995	166500	181500	218500	186000	203750	242000
E05000450	72000	68500	72000	77998	85000	108000	130000	149973	172000	185000	190000	219225	235000	244000	223500	250000	255000	250000	279975	355000
E05000451	66500	65250	68000	73000	76000	85000	115000	128500	150000	165000	176500	183475	200000	197500	172750	211000	205000	218000	225250	270000
E05000452	65000	63500	74998	75000	86000	102500	124000	140000	160000	169975	190000	199950	214995	228000	217250	240000	247000	250000	250000	350000
E05000453	65000	71950	72500	75750	84973	101750	122500	143750	163000	172500	184975	196500	230000	244000	235000	248000	241500	258000	275000	360000
E05000454	69250	59995	67750	79000	88000	107250	115000	133000	157000	170000	180000	185500	204750	211000	200000	194500	195000	230000	230000	248000
E05000455	84975	98475	105000	118500	150250	179995	200000	235000	236500	265000	263750	288625	345000	350000	319500	363500	375000	345000	435000	482500
E05000456	90000	91000	103000	116500	139950	156750	178000	208250	235000	249000	249950	272000	312500	318750	277500	300000	335000	337000	385000	455000
E05000457	64250	67950	65000	75500	84950	110500	136000	150000	175000	195000	212950	212000	247495	250000	236999	235000	240500	250000	266500	350000
E05000458	62750	64225	73500	81250	85000	100000	119000	139000	163500	175000	184500	190000	200000	212000	186000	209950	187375	207250	225000	245000
E05000459	85400	89950	107500	132000	149000	176625	194400	239950	250000	257500	274000	290250	362500	350000	335000	387000	392675	426000	464000	565000
E05000460	68748	70000	75000	80000	85500	109950	121500	133000	160000	175000	170000	192250	206000	195000	185000	177500	210000	208995	219500	250000
E05000461	72250	73000	82000	93500	105000	125000	159975	170000	202250	215000	230000	230000	250000	250000	230000	245000	249500	280000	280000	388000
E05000462	102500	110000	135250	149975	190000	216000	235000	255000	273975	296500	295000	335000	377550	400000	385000	411341	400000	427500	499225	563750
E05000463	66000	69000	67250	68000	78000	92000	108000	131000	145975	155000	177000	185000	211000	225000	193000	209250	210000	211500	249500	280000
E05000464	67500	68000	75000	87500	93000	118000	135000	158000	185000	195000	210000	214500	242750	235000	207500	221750	228500	245000	264950	295000
E05000465	81000	82000	92500	105250	115000	143000	153750	177250	203000	216500	230000	233000	263000	270000	231250	250000	250000	270000	275500	320000
E05000466	105500	99975	115500	132500	158000	173000	198000	235000	285000	272000	290000	283500	340000	306500	330000	340000	394000	403500	410000	522500
E05000467	65750	69000	77450	87750	95000	112000	132250	154000	184000	192500	210000	210000	225000	225000	205000	218000	220000	226500	238500	288000
E05000468	68827	68500	72500	81000	88000	111500	122950	144950	162500	180000	194748	198000	224950	215000	198000	220000	219950	225000	249950	285000
E05000469	100000	111500	119950	140000	170000	173000	210000	223250	220000	283000	263750	325000	366250	377500	389000	403750	364351	429500	480000	499500
E05000470	64250	68000	72500	80000	89950	115000	126000	155000	175000	185000	187000	200000	232495	243750	200000	195995	209995	216500	230000	280000
E05000471	91500	106000	106750	112000	138498	160000	207750	235000	225000	264950	250000	276844	328000	305000	338750	359950	360000	370750	415500	497000
E05000472	228000	252750	285000	302500	385000	400000	427500	485000	435000	610000	607500	545000	790000	975000	685000	975000	960000	1033000	1150000	1530000
E05000473	86500	87000	103500	122000	135000	165000	178000	205000	235750	240000	250000	275000	325000	300000	300000	333000	327000	342000	405000	475000
E05000474	121000	127950	134975	180000	205000	240000	275000	320000	322500	367000	365000	395000	495000	246865	230000	499975	580000	521250	602000	732500
E05000475	65000	67500	69000	72500	81000	96998	105000	126500	149995	165000	177000	198750	225000	238000	240000	235750	242000	212500	215000	233500
E05000476	56250	58000	62000	67500	75000	92000	110000	143500	170000	190000	198000	210500	228995	215000	190000	211250	214000	222500	226500	250000
E05000477	59000	56500	59998	66250	68000	85000	96998	134998	158000	175000	181000	185000	196000	200000	175000	197000	187500	210000	225000	249000
E05000478	56000	56375	60000	65000	71750	76750	90500	124248	164250	194950	245000	245000	249995	270000	203000	250000	200000	212000	225000	280000
E05000479	57375	57000	65000	68000	73000	90000	105998	135000	167000	179998	190000	195000	222000	220000	181000	205000	195000	207500	222000	250000
E05000480	58000	59000	60000	68750	76000	90500	113000	141000	177495	191250	200000	216000	235500	221500	194500	219500	212000	220000	210000	250000
E05000481	59973	59995	66500	74000	80500	102650	121000	148000	190000	215000	219000	230000	240000	250000	207500	247250	229500	215000	241500	249995
E05000482	56498	55500	60000	64995	70000	89250	103500	138000	165000	179500	185000	193750	216750	218000	178000	200000	190000	197500	206500	240000
E05000483	59333	60000	64000	70000	76000	93000	106500	140000	173375	179625	198750	217000	231000	225000	198000	230000	220000	232500	246000	313000
E05000484	64000	65000	70000	75750	87000	92995	115000	137000	190398	215500	220000	214995	226000	235500	195000	233029	227750	249500	250000	263900
E05000485	55500	59000	59997	68750	76000	93250	110000	138500	179000	185000	200000	218000	230000	224000	190000	217000	210000	235000	234000	260000
E05000486	58000	59000	65000	73850	78000	91500	114000	142000	166500	195000	210000	208000	230000	230000	217500	234000	233750	210000	228750	250000
E05000487	57000	57750	60000	66250	74000	85750	96000	132500	170000	190000	185000	202000	216000	215000	174999	186000	181000	185000	212500	230000
E05000488	58000	60000	70000	72750	78500	90000	115000	135000	175501	185000	175000	200000	222500	223500	192000	225000	210000	194000	220000	249975
E05000489	56500	58000	60000	67998	73750	85000	103000	130000	160000	170000	180000	190000	215000	211250	184000	214000	195000	220000	225000	250000
E05000490	56000	55000	58125	63200	69595	85748	100000	129748	160000	174998	180000	197500	224973	220000	175000	195000	192000	190000	210000	250000
E05000491	68500	87350	91885	103000	137998	159550	170500	195500	220000	220000	205000	223500	249995	250000	225000	236750	242000	246500	260000	303500
E05000492	60000	59000	58000	65000	76500	100000	125000	163000	184000	225000	210000	229995	247000	247500	227500	230000	228000	240000	247748	280000
E05000493	57500	57500	61000	69750	75000	95000	112500	140000	177125	196000	200000	215000	234250	230000	205000	220000	220000	215000	215000	250000
E05000494	55000	58000	62000	69250	75000	94500	110000	143750	170000	180000	203750	219000	235000	220000	200000	225000	233000	240000	236000	273500
E05000495	72000	72000	82748	93000	99995	127975	143475	170000	205500	217500	235000	234000	250000	250000	240000	250000	250000	250000	239950	315000
E05000496	84000	87500	97000	114500	125000	135000	168000	199995	244125	250000	250000	275000	250000	249000	251250	312250	282500	308750	345000	368750
E05000497	76000	78000	87500	93000	107000	135000	155000	175500	208000	227250	240000	242750	279995	250000	250000	276000	275000	286500	294500	340000
E05000498	68202	67500	74950	83500	88000	89500	118000	142000	167500	192000	187000	215000	230000	242500	201000	225000	230000	240000	247750	250000
E05000499	92000	89950	102150	95000	120500	131500	161000	190000	225000	230000	244000	281000	300000	282500	250000	270000	270000	285000	315000	340000
E05000500	90000	93500	116500	124250	137000	160750	185000	240000	250000	285000	280000	285000	334998	350000	308750	335000	326750	345000	347500	390000
E05000501	59995	60000	69500	74750	82995	101500	116000	145000	178000	200000	195000	225000	235000	212500	205000	207500	224995	200000	220000	235000
E05000502	85500	90000	99000	112000	128000	147450	167000	185000	240000	250000	270000	278000	317000	290000	190687	190687	325000	327500	355000	367500
E05000503	71000	73500	77000	85000	98250	131750	165000	198000	212500	225000	218158	235000	255000	250000	227000	265000	249995	260000	265000	310000
E05000504	82750	81500	91748	102500	114000	132500	155000	182500	212750	231000	240500	247250	295000	285000	240500	265000	270000	274000	275000	339498
E05000505	67000	69000	76250	80000	86500	90000	100000	132000	166500	185000	192500	200000	229998	190000	208500	239000	233000	216000	249998	307000
E05000506	63000	65375	70000	80500	87500	97250	118250	138000	165000	174000	180000	190250	213750	225000	193000	216000	211000	217000	225000	249999
E05000507	57995	62000	66500	72500	76500	98000	110000	137000	172500	195000	200000	210000	228000	230000	205000	210400	220000	199000	223000	193000
E05000508	76975	79000	84000	91250	104500	133000	135000	182000	213500	243000	240000	244000	281000	260000	240000	260000	260000	250000	260000	305000
E05000509	145000	148000	150000	159498	163125	193000	240000	250000	290500	270000	300000	317500	337500	381250	410000	400000	398500	387000	440000	499748
E05000510	70000	70200	82500	87000	102000	125000	140000	155000	205000	225000	210000	240000	250000	250000	190000	235000	250000	275000	270000	315000
E05000511	78000	83000	87250	95000	115000	129000	160000	185000	220000	239000	243500	246250	293500	250000	258750	286000	302000	315000	306263	302500
E05000512	69000	70500	76875	85950	95000	111000	128250	155000	190000	227000	220000	242000	249999	248000	165000	249500	250000	250000	255000	294000
E05000513	82000	80000	87000	99995	105750	143250	155000	185000	217500	222500	228500	250000	290000	270000	246500	285500	262500	276000	300000	361393
E05000514	75000	77000	72000	80000	80000	85000	99998	135000	154500	185000	185000	215000	215000	210000	247000	199625	242750	250000	201000	225000
E05000515	106750	112000	124500	137000	142000	162250	204000	203500	260000	287000	310000	306000	385000	377500	357500	402000	410000	433375	471250	460000
E05000516	225000	232500	235000	330000	360000	419643	406250	378800	499950	475000	433750	590000	675000	750000	727500	760000	867500	727555	1000000	1362500
E05000517	163000	164500	199000	220000	227250	344000	364500	359950	360000	410500	430000	470000	558000	530000	592500	655000	705000	697000	788750	985000
E05000518	108650	108000	130500	142300	167500	208230	216250	231000	246000	270000	270000	308475	360000	358750	360000	380000	405000	442500	493230	480000
E05000519	111000	109000	124500	152750	162500	200000	202000	245000	240000	250000	290000	325000	340000	350000	343500	377500	383500	393000	475000	500000
E05000520	106500	125000	135000	167250	174950	193500	220000	245000	270975	285000	295000	308500	392475	295000	315000	375000	390000	370000	420500	599950
E05000521	77250	85000	89000	104000	118500	137750	153500	177000	188000	210000	210000	228000	270000	250000	250000	259750	286250	315000	313500	335000
E05000522	113000	112000	132750	150000	180000	210000	225000	250000	300000	332428	327000	313750	350000	347500	402500	372500	387500	382250	420750	455000
E05000523	86500	91000	110000	115000	132000	156000	179500	203500	230500	247000	249950	250000	291000	305000	250000	295000	300000	315000	335500	380500
E05000524	110000	158500	160000	190000	225000	249500	295000	360000	420000	395000	395000	410500	495000	495000	410000	444000	500000	525000	595000	630000
E05000525	128950	135000	157000	163000	210000	265000	265000	285000	292500	323000	350000	362800	478250	440000	462550	477975	545000	542500	591500	746500
E05000526	125000	125000	160000	180000	209475	250000	235000	275000	305750	315500	312000	377500	417500	460000	477500	500000	535000	495000	500000	625625
E05000527	108000	113250	141000	153000	180000	222500	225000	280000	277000	311000	290000	314536	415000	450000	350000	439500	471750	550000	550000	600000
E05000528	132500	138500	164000	186500	222000	249950	290000	285000	315000	323000	341500	385000	427500	491500	450000	487500	487250	520000	530000	655000
E05000529	108000	115000	139950	155000	185000	230000	229000	249500	264425	294500	309500	325000	378975	347000	430000	400000	389000	419000	471000	555500
E05000530	116500	114950	153250	175000	195000	235000	243750	247000	250000	305000	325000	338000	343000	377725	376500	395000	383750	440000	494000	499950
E05000531	103000	134950	112250	200000	185000	225000	204000	230500	249475	276250	276500	325000	346750	362500	351000	392500	450000	448000	420000	458725
E05000532	91750	98000	110000	132000	154950	180000	190000	222000	239000	248250	268500	281000	336500	327475	289950	325000	340000	366000	402000	450000
E05000533	84000	92500	103000	124000	135000	176500	184155	199475	222250	243500	247250	276000	305000	287500	269975	300000	315750	346250	349000	420000
E05000534	75000	78000	86950	92875	123000	119000	165000	165000	183000	190000	220000	221000	234750	245000	240000	247250	340000	280250	358000	346500
E05000535	72500	70000	80248	83625	85000	127500	138500	139500	165000	190000	176000	182000	205000	198000	175000	227498	226000	280000	232965	310000
E05000536	99950	120500	129995	156500	160000	250000	231000	269625	245000	275000	285000	300000	355000	355000	332500	425000	437500	500000	547500	580000
E05000537	66000	108000	88800	97950	116000	189995	200000	225000	281000	275000	280000	243885	349950	319975	345000	332500	302000	360000	370000	442000
E05000538	87750	108750	85500	88500	109950	118000	137000	178950	165000	182000	197000	230000	230000	249000	247000	270000	266500	250000	290000	350000
E05000539	73700	74536	85500	100000	113000	144000	183876	207000	235000	240000	250000	292500	362500	330000	350000	399950	410000	466000	435000	572500
E05000540	75250	70000	82950	88000	111250	125000	140000	153500	175500	175000	196500	200000	225000	221250	172000	241500	216000	237500	250000	315000
E05000541	63000	60500	78000	69950	88725	100000	134750	134000	185000	169000	218000	249950	239500	195000	217000	245000	211000	280000	297500	315000
E05000542	85500	100000	107995	127500	147000	162500	215000	226250	235000	250000	275000	250000	275000	263000	297000	315000	320000	360000	395000	500000
E05000543	59975	63000	73000	80000	75000	92000	127000	163975	157500	175000	167000	198000	222000	230000	159688	195000	210000	231750	286250	289995
E05000544	82505	79975	77000	89975	110000	132000	148000	161250	183076	180500	213000	230000	277500	250000	230000	319000	307000	310000	320000	380000
E05000545	63000	65000	72000	85000	86975	133250	142000	155000	175000	197000	205000	207000	235000	249975	250000	250000	250000	280250	345000	356250
E05000546	63000	59800	65000	76250	89998	118995	139250	141995	175000	179995	189950	210000	199500	190000	190000	190000	190000	202500	226000	285000
E05000547	76800	71000	80000	83000	98000	125250	150000	179000	185000	205000	242750	245000	289950	272500	263750	297500	300000	350000	329995	421000
E05000548	121000	137750	150000	194250	205000	235000	240500	250000	280000	295000	290000	345000	395000	395000	340000	420000	445000	485000	480000	585000
E05000549	93250	112000	92250	115000	139000	147750	171800	195000	210750	245000	225000	231250	318125	335000	262000	301000	342694	310000	385500	421800
E05000550	59950	63995	61995	69000	75750	92500	118000	137750	148000	158000	165000	164500	199950	207250	170000	217500	215000	228000	230000	288025
E05000551	83500	83050	87970	99729	110000	125000	155000	174500	200000	210223	225000	240000	281100	250000	240000	258000	285000	315000	352500	396089
E05000552	102070	93000	114950	125650	145000	172000	195000	220000	220000	240000	248000	249995	301000	300000	300000	315000	310000	325000	362000	415000
E05000553	68000	70000	80000	86300	100000	120000	138000	170750	206000	205000	220000	240000	258750	319750	273500	315000	320500	320000	347100	407500
E05000554	151000	140500	145000	148000	210500	252500	312000	282000	387811	337500	399950	470000	493000	332000	622500	650000	650000	580000	850000	850000
E05000555	75750	78000	88750	93950	109950	132250	139975	164475	184000	195500	210000	216000	235000	240000	220000	226750	240000	247650	264950	289000
E05000556	129500	133000	148000	146550	174500	185000	225750	238000	287500	265000	290000	274000	299950	209995	280000	345295	345000	346000	352000	386000
E05000557	89995	92000	96000	96500	104500	115000	131000	154475	172500	178500	219500	214950	229975	247000	223000	249999	260000	222000	246000	290000
E05000558	83000	82000	86500	99750	111500	129950	145000	178225	191225	226000	212000	212500	249998	243000	232000	250000	249000	255000	290000	318000
E05000559	105000	111475	107500	148000	158500	224500	215250	237500	269000	250000	248975	306000	328000	278000	288725	328750	340000	381200	345475	419995
E05000560	107167	104000	118000	125000	130000	172250	183000	207500	235000	235500	263500	350000	317500	300000	269950	316500	375000	369000	362500	376000
E05000561	89000	92000	105000	117000	133100	166950	178000	206000	230000	249950	250000	278000	319950	282500	286500	312750	310000	342000	351000	388500
E05000562	59000	59725	73250	74975	85725	105500	117500	134950	157000	172000	180000	184973	210000	208250	175000	200000	191375	203000	213475	248000
E05000563	79875	81975	91000	108500	119000	146000	160750	187000	210000	226000	233250	244950	278000	251500	240000	260000	260000	265000	295000	347500
E05000564	64000	71000	72500	82000	89125	97950	115500	132500	164000	163250	176000	186500	193500	200000	179500	200750	192500	195000	215000	240000
E05000565	71500	75000	84000	95500	109950	126250	138000	168000	183750	200000	222000	224950	246250	240000	203250	235000	235000	242000	250000	300500
E05000566	63250	67000	69500	72000	79000	94725	113750	135500	159995	172500	180000	180000	205000	210000	174975	202000	199950	188500	211000	250000
E05000567	70000	69125	74950	85000	94950	119975	126000	151750	169000	179950	180000	205750	219950	226500	215000	220000	212250	242000	240000	270000
E05000568	70000	75998	76500	85000	88000	110975	124725	152250	169975	169500	182225	196000	203000	220475	204000	228750	226000	220500	225500	257500
E05000569	75250	79000	84725	87750	97750	112000	130000	151960	178500	172750	189000	195000	209950	210000	201000	238000	194995	228000	235000	272000
E05000570	71000	87500	76950	83975	91500	97000	116000	134975	148975	165000	175000	183975	191250	210000	178750	202500	219750	198975	235000	246000
E05000571	59950	60000	68250	74950	76500	91000	104000	130950	147500	155000	165750	174500	199950	195250	171000	184000	186025	199995	210000	243500
E05000572	73500	75000	86500	98000	105500	131250	145000	167975	187000	212000	220000	240000	273000	262500	225000	250000	260950	270000	275000	338000
E05009317	64375	64973	67000	78750	95000	125000	138000	157500	167000	187250	218000	220000	250000	246500	230000	250000	250000	281345	290000	391250
E05009318	77500	90995	105000	123000	172000	187995	229500	237645	261000	280000	292950	270000	315000	320527	280000	299985	339785	356400	370000	388748
E05009319	79745	74000	72000	86000	99550	127250	147500	170000	189393	205000	225995	240000	287450	290000	247500	235618	240875	261500	305000	325000
E05009320	84000	93000	100000	132292	140000	128250	157000	200000	194250	202000	236000	230000	250000	250000	286250	362500	289000	355000	365000	415000
E05009321	64395	65395	67000	75000	78750	118000	134000	143500	165000	175000	180000	210000	220000	237500	225000	211600	220000	244000	240000	283750
E05009322	74750	58000	79000	57875	82500	85000	114500	129000	155000	169998	190000	250000	219498	225000	250000	235000	250000	258000	274000	320000
E05009323	91000	85500	134500	139060	199540	263750	260000	266250	300000	294875	288000	340000	400000	369000	350000	335000	349000	370000	392500	450000
E05009324	72750	82400	95000	109000	145000	156450	208000	237225	220000	245000	239500	259998	305000	325000	294500	283000	300000	307000	325000	365000
E05009325	75995	73995	72000	79000	72000	100000	106250	137000	160000	207854	199750	208000	230000	215000	200000	240000	235000	233000	269500	303615
E05009326	136000	146500	149950	184950	175000	212250	247131	250000	280000	289000	285000	318000	363000	405000	394942	392500	388750	401250	427250	493000
E05009327	70000	74000	82750	67250	115100	105000	130000	150000	167000	180000	196125	205800	250000	250000	245000	274161	249999	250000	262250	332452
E05009328	71000	69995	76000	79750	109950	145000	170000	150000	173998	180000	190000	200000	235000	229750	225000	210000	249000	245625	245500	285000
E05009329	77000	85975	87450	107500	86227	124000	125000	157475	176000	174000	195000	218750	240000	230000	235000	240000	235000	289000	329995	355000
E05009330	110000	113463	139498	173300	209640	217250	229995	249999	250000	270000	285000	332500	395000	410000	376000	410000	397500	397998	472500	500000
E05009331	59999	64000	66000	77500	89973	112500	132500	159995	165500	187000	199500	208000	240000	250000	232750	265250	250000	305000	296750	365500
E05009332	75500	75000	89000	70500	110500	123500	149750	161500	165000	180000	180000	210000	225000	250000	230000	238500	310000	249995	270000	315000
E05009333	74623	82000	127250	158450	175000	169998	180551	230000	220000	249995	245000	250000	316000	332000	315000	357500	370000	385000	435571	497500
E05009334	71995	69973	68500	69000	87500	117000	133000	149995	163500	190500	195000	210000	237500	247956	224000	238750	275000	250000	246000	361000
E05009335	74995	80000	99500	115000	133500	133000	165000	200000	235000	215000	245000	250000	317500	330000	295000	315000	323000	352500	395000	500000
E05009336	93000	96495	122500	140000	128250	165500	196000	210000	208000	192000	235000	248000	285000	371250	340000	330000	317500	309789	429750	460000
E05000590	57000	57000	60000	68500	76000	95000	113000	145000	167125	185000	193750	211000	240000	231000	200000	210000	215000	226000	243000	326000
E05000591	59000	59500	65000	72500	76000	92750	112000	135000	174500	180000	190500	225000	245000	225799	215500	215000	232500	225000	230000	332500
E05000592	62000	63500	71000	79000	85000	108000	122725	155000	180500	198000	208000	218748	235548	236748	210000	230000	239250	243250	260000	340000
E05000593	85000	86450	91250	97000	124995	128000	154750	185400	212000	218250	249000	249500	290000	250000	250000	250000	273748	255500	290000	330000
E05000594	87500	89000	98625	105000	129000	147000	165250	188000	225000	234975	250000	250000	285000	285500	250000	250000	286500	280000	300000	310000
E05000595	67500	72995	80900	84000	89000	100000	124500	156000	187500	213702	215000	231250	250000	249000	232500	250000	250000	270000	279995	401000
E05000596	60000	62000	69000	67500	70000	86000	100000	130000	150000	172250	174998	195000	222500	226500	190845	215000	212000	218000	249995	308000
E05000597	76000	81000	87750	96750	113000	130000	143300	178998	215000	226000	237000	240000	269250	266750	247250	263000	275500	250000	317500	288748
E05000598	72100	85000	84748	89995	98000	114000	131500	164498	183000	187000	206500	220000	243000	237000	214000	250000	242500	240500	280000	286500
E05000599	59500	59900	60000	72000	75000	90000	109995	139000	158000	171000	173000	187250	215000	212500	186280	202000	217250	216750	250000	333000
E05000600	58000	58000	67725	73995	80998	93000	115995	140000	170000	185000	190000	205000	226250	218000	189750	210000	191375	229500	250000	325000
E05000601	65000	69500	69995	74575	80000	96000	111998	149995	164998	174000	196000	193375	225000	225000	196000	241000	250000	265000	290000	360000
E05000602	76000	77500	86250	98500	99000	120000	138000	164995	205000	220000	205000	230000	250000	235000	240000	250000	250000	250000	283000	335000
E05000603	60000	60000	65000	69500	69995	80998	92250	128000	143795	156000	162000	175000	195000	198500	180000	187500	201500	194796	230000	283250
E05000604	57000	59000	64500	72000	74000	86995	104000	135000	151000	175000	184000	202250	230000	222500	202500	214000	198000	230000	225000	255000
E05000605	72500	70000	78875	83000	78000	97500	120000	158000	167750	185500	194125	227650	249999	240000	238500	237500	249998	250000	250000	345000
E05000606	58000	59995	67623	72000	78000	95000	117500	141000	164998	180000	195000	207000	230000	220000	202500	230000	220000	243500	262500	324000
E05000607	73723	75000	85400	90498	95500	100000	127100	164000	193000	203250	211500	220000	248000	250000	227500	242500	205500	247500	265500	285000
E05000608	59625	59500	65000	65998	76000	94000	107000	138500	167998	176998	178250	194000	230000	220000	190000	210000	218000	230000	267500	351625
E05000609	65000	68448	78500	83000	85250	104000	127000	155000	175000	192373	203000	223500	244250	235000	240000	248500	250000	288748	316000	387500
E05000610	105000	120000	140000	161000	200000	228000	245000	283750	279500	314625	315000	350000	425000	390000	453000	488000	500000	556750	510000	595000
E05000611	79500	87500	99725	113250	124500	173000	192000	215000	205000	238500	242000	280000	341563	306750	290000	350000	334500	350000	421000	496500
E05000612	80000	83000	96500	118000	145000	175000	185400	219000	230000	249850	249999	290000	330000	330000	330000	340000	370000	405500	455000	541000
E05000613	89000	101100	115000	135000	160514	197500	213025	245000	250000	256000	267500	320000	370000	370000	340000	362000	390000	420000	455000	534000
E05000614	95875	99000	124975	130000	171500	195000	240000	250000	247625	282000	276229	310000	360000	360250	350000	389950	390000	430000	435000	500000
E05000615	67500	77500	78750	86500	97000	125325	142250	170500	181000	200000	215500	235000	256500	250000	250000	282500	261000	280000	320000	410000
E05000616	66400	67000	72750	87000	104950	137500	160000	178000	197750	215000	224000	240000	280500	265000	250000	275000	267000	300000	356953	440000
E05000617	85500	98000	104750	91500	119950	140500	158000	182500	190000	225000	197000	226000	250000	248000	282500	299950	290000	335000	395000	398500
E05000618	105000	113000	128000	145000	170000	207975	221333	249950	250000	286250	290000	324000	417500	364850	402232	395000	400500	473500	540000	595000
E05000619	125000	135000	155500	170000	223750	259000	280000	310000	321500	340000	375000	420000	490000	500000	575250	499950	540000	580000	665000	795000
E05000620	88000	99500	125000	133500	149500	177500	200000	245500	285000	268400	292500	324900	387440	355000	392500	389250	413250	405000	484975	630000
E05000621	98250	96000	87500	88000	85000	102000	130000	145000	168000	185000	187000	192000	226750	230000	205000	250000	249000	247475	226000	374950
E05000622	128500	147000	152000	155000	201000	230000	249275	247500	275000	345000	367375	376000	420000	454950	400000	460000	475000	445000	527500	530000
E05000623	117000	126000	150501	162750	195000	245575	265000	294000	281000	316250	318000	355000	433750	424000	417875	475000	480000	516000	592500	700000
E05000624	94000	92725	104999	126750	169950	185000	193500	233000	244000	249950	267750	305000	350000	347500	305000	404750	412250	442000	420000	515250
E05000625	128500	135150	159000	180000	210000	249950	285000	325000	336000	383000	385000	425000	454500	520000	456000	500000	525000	521250	548250	700000
E05000626	72000	75000	83000	91500	111500	142000	164500	190000	208000	228750	239225	250000	293975	285000	272500	265600	323850	350000	337750	440500
E05000627	116000	116000	123500	139500	171500	215000	220000	249950	244999	295000	305000	304500	370000	362000	450000	450000	450000	455000	486001	568000
E05000628	86750	89000	90000	95000	138000	141000	158975	184000	200000	225000	245000	279300	305000	280750	250000	287725	275000	294000	338944	395000
E05000629	110000	107000	110000	134500	155500	170000	202375	231000	230000	250000	270000	290000	335000	375000	352500	365000	374000	435000	450000	497800
E05000630	140000	155000	171125	180000	210000	250000	250000	336250	320000	370000	390000	445000	438750	435000	605000	625000	685000	708750	870000	750000
E05000631	115500	127250	139000	155500	191000	252000	250000	277000	290000	329500	330000	375000	450000	475000	499950	545000	550000	600000	691000	850000
E05000632	139000	135000	184085	208250	240000	268500	279000	335000	362500	360000	375000	436500	550000	570000	550000	625000	675000	635000	800000	975000
E05000633	81500	77000	85750	98000	169500	165000	200000	227750	242000	242000	388500	406965	360000	361750	450000	559700	641000	620000	645000	1100000
E05000634	71550	70000	81750	97000	117250	205000	165000	220000	218000	240000	231000	235000	310000	300000	275000	325000	390000	370000	387475	440000
E05000635	76250	82250	97750	114500	129950	170000	191000	223500	238000	249950	241500	259500	335000	335000	310000	340000	350000	325000	425000	499950
E05000636	145000	145000	165000	168000	200000	220000	260000	296000	355000	340000	368000	406500	470000	495000	550000	650000	630000	607500	695000	850000
E05000637	327000	330000	448500	499500	525000	585000	730000	750000	735000	960420	1052500	1150000	1300000	1350000	1533004	1425000	1750000	2930000	3362500	3500000
E05000638	123500	155000	173000	176750	210000	272750	300000	330000	328000	360000	352500	420000	460000	505000	500000	615000	699000	749975	745000	895000
E05000639	140050	168000	172250	199949	264000	250000	320000	373250	338000	370000	423500	446000	500000	510000	525000	700000	650000	715000	782500	870000
E05000640	125000	132000	163000	186000	216000	240000	275000	310000	323500	356000	360000	361000	499975	425000	460000	520500	550000	575000	699975	773000
E05000641	145000	144250	192000	210450	242000	275000	320000	370000	388000	397500	410000	466250	625000	700000	675000	795000	680000	895000	980000	1090000
E05000642	74000	78500	98000	113500	153000	165000	201500	225000	215000	248000	297500	294250	313000	277500	355000	380000	390014	432500	465000	545000
E05000643	123500	135000	172750	170000	222000	320000	365000	347500	350000	365000	377500	450000	520000	510000	575000	561500	540000	665000	800500	942500
E05000644	177725	156750	220000	229875	270000	339200	325000	400000	355000	375000	455373	524000	550000	597500	505000	599000	690000	875000	875000	1262500
E05000645	130000	120000	172500	200000	223500	247000	250000	285000	300000	299000	322500	362000	436740	420000	450000	550000	515000	570000	540000	715650
E05000646	119750	131000	182500	210000	265000	257500	250000	305000	375000	310500	403500	410000	452500	500000	462250	550000	600000	585000	677500	840000
E05000647	166650	127750	150000	180000	225000	250000	275000	320000	295700	400000	380000	385000	495000	475000	499000	510000	590000	655000	795000	857250
E05000648	88750	87000	127750	125000	150000	175000	197750	226000	240000	250000	245000	285000	315000	347500	345000	370000	415000	395000	420000	499975
E05000649	198000	172275	250000	280000	293750	355000	433000	448750	457500	494500	525000	531250	710000	740000	614875	822199	950000	872500	1635000	1487500