New Code	2001	2006	2011	2013	2014	2015	2016	2018	2023	2028
E05000026	10350	10239	12900	13806	14283	14739	14986	15500	17350	18400
E05000027	9350	9236	10450	10527	10563	10587	10578	10550	10550	10600
E05000028	11550	11238	11650	12155	12428	12688	12962	13500	14100	14100
E05000029	9400	9387	10100	10261	10337	10400	10483	10700	10950	11100
E05000030	10200	10082	10600	10701	10741	10768	10755	10750	10850	11000
E05000031	10200	10452	11700	11816	11861	11901	11899	11900	12000	12050
E05000032	9500	10745	12550	14174	15018	15845	16265	17150	19450	20450
E05000033	10400	10087	11350	11408	11437	11472	11445	11450	11450	11650
E05000034	9750	9918	10850	11003	11077	11151	11159	11200	11300	11700
E05000035	8950	9544	11550	11773	11849	11900	11898	11900	11900	12050
E05000036	9400	9322	10400	10472	10499	10530	10528	10550	10600	10650
E05000037	9100	9119	9900	9999	10029	10059	10039	10050	10050	10150
E05000038	10350	9996	11000	11500	11748	11974	12759	14300	18200	20300
E05000039	8650	9875	10800	14904	16955	18968	20012	22200	28550	34350
E05000040	8850	8850	9950	10090	10173	10242	10285	10400	10550	10700
E05000041	9800	9535	10850	10947	11000	11036	11067	11100	11250	11350
E05000042	9700	9532	10650	10915	11044	11167	11267	11500	11900	12200
E05000043	14850	14810	16450	17014	17284	17531	17624	17800	18250	18500
E05000044	15500	16492	18300	18943	19296	19636	19663	19700	19950	19950
E05000045	17600	18230	20100	20643	20860	21076	21222	21500	22750	24100
E05000046	14100	14738	17150	21931	24291	26612	27781	30150	37550	42500
E05000047	14800	15527	17300	17703	17879	18038	18009	17950	17800	17750
E05000048	15600	15600	16200	16663	16891	17117	17197	17350	17800	18100
E05000049	14800	15018	16050	16476	16670	16865	16844	16800	16650	16550
E05000050	15050	15751	16800	17205	17417	17615	17744	18000	18900	19450
E05000051	14050	14733	15800	16304	16561	16796	16843	16900	17050	17050
E05000052	14950	14756	16000	16481	16707	16942	16940	16950	17000	17000
E05000053	16550	17421	18900	21933	23443	24944	25327	26150	30050	33900
E05000054	15900	16484	17500	17867	18066	18247	18250	18250	18350	18400
E05000055	15650	16491	18550	18949	19125	19288	19267	19200	19000	18950
E05000056	14050	14371	15350	15855	16083	16305	16382	16550	17050	17700
E05000057	15600	16747	18500	19273	19634	19994	20654	21950	24750	25900
E05000058	14950	14971	15850	16253	16445	16631	16630	16650	16850	16900
E05000059	14700	15187	15200	16060	16472	16894	17072	17450	18950	19950
E05000060	15950	15867	16000	16652	16985	17293	17422	17650	18000	18050
E05000061	14550	15719	16600	17051	17261	17478	17476	17500	17800	18050
E05000062	14850	14807	17450	18379	18809	19227	19541	20150	22900	25650
E05000063	15850	17081	17650	18199	18448	18699	18732	18800	18800	18950
E05000064	10300	10359	10450	10551	10587	10606	10651	10750	10950	11250
E05000065	10900	11136	11950	12173	12298	12410	12433	12500	12600	12700
E05000066	10450	10399	10650	10728	10720	10710	10709	10700	10750	10800
E05000067	10450	10451	10950	11012	11011	11005	11010	11000	11050	11150
E05000068	10450	10397	10600	10623	10614	10604	10605	10600	10600	10700
E05000069	10450	10669	11000	11217	11288	11362	11370	11400	12000	13150
E05000070	10650	10894	11200	11289	11338	11392	11397	11400	11500	11550
E05000071	10350	10851	11300	11638	11796	11941	12034	12250	12700	13100
E05000072	10350	10627	11250	11312	11332	11347	11394	11500	11700	11850
E05000073	10350	10436	10900	10979	10988	10995	11016	11050	11250	11500
E05000074	10400	10371	10900	10968	10980	11000	11001	11000	11250	11450
E05000075	9850	10738	12100	12419	12617	12793	13139	13800	15600	16500
E05000076	10600	10553	10850	10925	10928	10927	10924	10950	11050	11150
E05000077	11000	10972	11400	11457	11463	11456	11475	11500	11550	11600
E05000078	9650	9821	10500	10564	10584	10591	10610	10650	10800	10950
E05000079	10500	11141	11600	11732	11794	11865	12092	12550	13100	13250
E05000080	10500	10729	10650	10697	10689	10696	10694	10700	10750	10900
E05000081	10100	10001	10550	10560	10558	10553	10563	10600	10700	10900
E05000082	10700	10865	11150	11229	11235	11239	11235	11250	11300	11350
E05000083	10450	10776	10900	10971	10976	10987	11006	11050	11200	11450
E05000084	10750	11094	12150	12318	12423	12525	12611	12800	13350	14050
E05000085	12700	12562	14100	14668	14994	15317	15856	16900	18750	19750
E05000086	13500	13690	15850	16032	16150	16253	16292	16350	16600	16850
E05000087	12050	12060	13100	13172	13222	13280	13291	13350	13450	13600
E05000088	12450	12270	13500	13544	13606	13654	13680	13800	14000	14200
E05000089	13800	13724	15150	15440	15605	15763	15928	16250	17000	17700
E05000090	12200	11855	13550	13818	13984	14145	14177	14250	15400	16350
E05000091	12600	15544	17300	17321	17415	17506	17597	17800	18450	18750
E05000092	11000	13209	15000	15010	15032	15063	15075	15100	15200	15250
E05000093	12200	10854	12200	12372	12474	12551	12627	12750	13000	13250
E05000094	14650	15495	17100	17329	17451	17574	17671	17850	18050	18100
E05000095	13750	14956	15600	15781	15884	15990	16025	16100	16400	16650
E05000096	12450	11578	12850	13120	13218	13320	13358	13450	13600	13850
E05000097	13200	13072	15550	15622	15691	15740	15894	16200	16650	16950
E05000098	12850	14148	15400	15389	15423	15485	15602	15850	16200	16250
E05000099	13550	12913	15250	16000	16405	16802	17360	18450	19950	20600
E05000100	16350	15829	17000	17249	17421	17599	17984	18750	19800	20250
E05000101	12700	12853	15050	15122	15195	15274	15337	15450	15800	16050
E05000102	12150	12554	15200	17015	17964	18914	19967	22050	28150	33600
E05000103	12750	12458	13850	13886	13938	13985	14012	14050	14250	14500
E05000104	11300	11962	14800	15431	15790	16149	16311	16650	19000	20700
E05000105	13200	12918	15700	15827	15893	15972	16004	16050	16250	16450
E05000106	13900	14370	15200	15343	15389	15436	15466	15550	15850	16100
E05000107	10150	9766	10000	10165	10208	10254	10303	10400	10650	10900
E05000108	14150	14548	15200	15757	16012	16259	16345	16500	16850	17200
E05000109	14500	15497	16900	17818	18209	18596	18782	19150	20800	21950
E05000110	14100	14404	14600	14737	14763	14796	14881	15050	15450	15800
E05000111	14750	15004	14900	15187	15284	15384	15481	15650	16050	16400
E05000112	15750	15590	15650	15863	15937	16026	16083	16200	16350	16450
E05000113	14250	14403	15450	15736	15843	15936	16110	16400	16750	16800
E05000114	14650	14839	15550	15722	15778	15825	15921	16100	16600	17100
E05000115	16100	16203	16850	17040	17091	17140	17176	17250	17500	17700
E05000116	11250	11634	12350	12696	12840	12973	13028	13150	13400	13750
E05000117	4700	4608	5150	5249	5283	5313	5484	5800	6650	7500
E05000118	14200	14355	14700	14825	14832	14859	14874	14950	15150	15450
E05000119	14950	15436	16000	16188	16228	16268	16328	16450	16800	17150
E05000120	14750	15651	16000	16174	16206	16238	16299	16450	16850	17150
E05000121	10100	10120	10050	10196	10242	10286	10306	10350	10450	10550
E05000122	15100	15064	15400	15596	15634	15673	15681	15700	15850	16100
E05000123	16650	17034	17450	17704	17804	17916	17946	18050	18350	18700
E05000124	13650	13453	13700	13892	13929	13973	13984	14000	14100	14250
E05000125	14400	14832	15200	15429	15501	15581	15655	15800	16050	16200
E05000126	9300	9389	9900	10029	10079	10126	10131	10150	10200	10300
E05000127	14250	14763	14950	15165	15197	15226	15223	15250	15400	15650
E05000128	11950	12163	12700	12761	12776	12810	12822	12850	13050	13350
E05000129	9400	10257	10800	11443	11571	11680	11771	11950	12200	12650
E05000130	11850	12311	12650	12954	13043	13119	13195	13350	13700	14200
E05000131	10750	11667	11900	12312	12395	12465	12493	12550	12800	12950
E05000132	10750	11211	11750	11994	12060	12114	12153	12250	12450	12650
E05000133	11950	10724	11950	12124	12164	12228	12273	12400	12750	13050
E05000134	10700	10600	11250	11421	11450	11490	11598	11850	12150	12250
E05000135	10900	10675	11300	11318	11342	11379	11448	11600	12100	12600
E05000136	11500	11680	12350	12613	12676	12730	12742	12750	12950	13100
E05000137	10700	11146	10950	11085	11122	11161	11290	11550	12250	12950
E05000138	10900	12334	13000	13511	13611	13702	13885	14250	15000	15400
E05000139	11750	12767	13400	13754	13821	13874	13909	14000	14250	14500
E05000140	10750	11568	12050	12248	12308	12365	12418	12550	12750	12900
E05000141	11650	12025	11750	12319	12429	12534	12562	12600	12850	13050
E05000142	12250	12978	13500	14274	14497	14701	14803	15000	15350	18300
E05000143	12750	13026	13800	15115	15662	16198	16846	18100	19900	20700
E05000144	12000	12229	12900	13073	13127	13190	13316	13600	14050	14300
E05000145	10400	11671	12050	12372	12463	12551	12699	13050	14050	14750
E09000001	7350	7254	7400	7993	8043	8102	8285	8850	9950	10550
E05000146	15700	15737	16950	17362	17564	17751	18107	18750	20050	20600
E05000147	13700	13742	14800	14976	15055	15127	15184	15250	15450	15700
E05000148	16350	16038	16250	16391	16481	16576	16646	16700	16800	16800
E05000149	15100	16058	18700	19370	19705	20044	20390	21000	22300	23050
E05000150	12350	12268	12300	12506	12600	12686	12840	13100	13700	14350
E05000151	13400	13075	13500	13866	14007	14154	14290	14500	16050	17150
E05000152	14750	14839	15850	16022	16115	16222	16380	16650	16950	17050
E05000153	14400	14803	16650	19213	20484	21758	22442	23750	28750	33050
E05000154	11300	11117	11500	11690	11771	11869	11918	12000	12050	12200
E05000155	13250	12950	13250	13474	13538	13604	13765	14050	14750	15450
E05000156	13750	14407	15050	15340	15489	15637	15788	16050	16550	17150
E05000157	10500	10200	10850	11057	11167	11264	11462	11800	12250	12400
E05000158	14050	14782	16550	16851	16985	17103	17187	17300	17500	17650
E05000159	13200	13510	14650	15116	15341	15564	15702	15950	16750	17400
E05000160	12300	12481	12850	13039	13104	13178	13310	13550	14050	14550
E05000161	14850	15702	18150	18326	18443	18563	18713	18900	19150	19250
E05000162	12050	11734	11750	12034	12124	12207	12331	12500	13000	13500
E05000163	14150	13799	14350	14535	14602	14676	14729	14800	15000	15150
E05000164	14850	15288	16600	16743	16833	16913	17006	17150	17350	17400
E05000165	15000	15549	16600	16722	16809	16896	16962	17050	17150	17300
E05000166	14400	14675	16150	16394	16503	16617	16727	16900	17100	17250
E05000167	13600	14789	17150	17379	17529	17653	17788	18000	18400	18600
E05000168	16750	16910	17550	17753	17878	17993	18092	18250	18500	18800
E05000169	15950	15996	16800	16945	17029	17117	17182	17300	17400	17500
E05000170	13800	14231	15500	15646	15754	15840	15990	16250	17100	17350
E05000171	14500	14595	14600	14689	14755	14834	14914	15100	15450	15500
E05000172	13400	13349	13950	14030	14087	14133	14155	14200	14450	14650
E05000173	13050	13195	14100	14830	15200	15570	16183	17400	19450	19900
E05000174	13200	13591	14050	14135	14179	14213	14241	14300	14500	14700
E05000175	14800	16056	18750	19272	19529	19786	20018	20500	21400	21700
E05000176	12700	13386	14600	14804	14942	15100	15203	15400	16000	16300
E05000177	13600	14662	17700	17657	17707	17747	17804	17950	18300	18500
E05000178	12750	13554	14400	14430	14458	14495	14683	15050	16000	16400
E05000179	14400	14972	15650	15677	15712	15735	15785	15900	16200	16450
E05000180	13350	13567	14300	14248	14282	14311	14332	14400	14550	14600
E05000181	13050	13020	13950	13989	14036	14079	14114	14150	14300	14300
E05000182	12850	12520	13550	13615	13652	13684	13710	13750	13850	13850
E05000183	13400	13767	14750	14810	14850	14882	14937	15050	15350	15450
E05000184	13150	13866	15250	15242	15280	15326	15357	15450	15650	15800
E05000185	13750	14343	15200	15134	15169	15212	15245	15350	15600	15750
E05000186	12950	13170	14100	14136	14189	14219	14916	16250	19200	20500
E05000187	13750	14052	15400	15410	15430	15464	15504	15600	15900	16100
E05000188	13700	13810	14900	15540	15857	16194	16191	16250	16700	17250
E05000189	13400	12364	13500	14771	15476	16186	16713	17800	20950	25300
E05000190	13200	12545	14600	14831	15030	15209	15293	15500	16400	17500
E05000191	12850	13576	13550	13517	13552	13583	13656	13800	13950	14150
E05000192	13100	13138	13400	13426	13480	13524	13557	13650	14050	14350
E05000193	11900	12420	14100	14397	14479	14566	14598	14650	14700	14750
E05000194	13600	13411	14000	14122	14128	14151	14165	14200	14300	14450
E05000195	12750	12684	13850	13959	13980	14002	14208	14650	15500	16150
E05000196	12700	13198	13850	14082	14097	14111	14389	14950	15800	16250
E05000197	15400	15592	18050	18221	18281	18340	18363	18400	18550	18750
E05000198	14400	14483	16100	16292	16308	16344	16380	16450	16650	16900
E05000199	12950	14681	16550	16820	16925	17014	17057	17150	17300	17450
E05000200	11800	12027	12800	13106	13207	13324	13399	13550	13850	14050
E05000201	14700	14741	16350	16454	16481	16506	16509	16550	16600	16650
E05000202	12500	12393	13050	13367	13455	13549	13579	13650	14250	14700
E05000203	13300	13482	14450	14561	14584	14624	14645	14700	14900	15100
E05000204	12900	14823	16600	16658	16677	16699	16704	16750	16800	16850
E05000205	13450	13808	15250	15520	15595	15664	15708	15800	15950	16050
E05000206	13200	14057	15750	16424	16739	17036	17194	17500	18250	18700
E05000207	12700	13198	14600	14793	14859	14935	14960	15000	15200	15400
E05000208	12350	13283	14550	14730	14764	14800	14844	14900	15100	15200
E05000209	13100	13142	13850	14179	14279	14379	14842	15750	17150	17550
E05000210	14150	14129	15000	15119	15131	15149	15166	15200	15350	15450
E05000211	12950	13209	14450	14623	14667	14702	14725	14750	14850	14900
E05000212	15150	16025	17450	18038	18321	18578	19055	20000	23850	27500
E05000213	12450	12643	13500	13623	13654	13688	13739	13850	14000	14150
E05000214	13550	14455	15750	15954	16073	16175	16200	16250	16650	17100
E05000215	12200	12209	12950	13103	13191	13275	13283	13300	13350	13250
E05000216	12750	13057	14450	14502	14567	14627	14637	14650	14700	14600
E05000217	12600	12539	13100	13304	13368	13440	13483	13550	13650	13650
E05000218	12450	12262	12550	12736	12823	12891	13026	13300	14250	14700
E05000219	11750	11827	12600	12881	12992	13089	13159	13250	13400	14100
E05000220	13600	13075	10450	11467	11979	12483	13014	14100	16750	17900
E05000221	14100	15592	18250	18348	18416	18499	18535	18600	18700	18650
E05000222	11450	14553	16600	17548	17993	18446	18861	19700	20750	20850
E05000223	12250	13133	14350	14517	14601	14655	14676	14750	14750	14700
E05000224	13000	12861	13550	13733	13826	13907	14010	14250	14650	14850
E05000225	10350	12318	14100	19342	21925	24499	27139	32350	41500	46450
E05000226	14300	14971	16800	16905	16985	17061	17119	17250	17400	17350
E05000227	13000	12915	13500	13596	13661	13731	13776	13850	14000	14100
E05000228	11950	16350	19800	20948	21586	22224	22240	22350	24200	26800
E05000229	15150	16045	17550	18530	19042	19551	20340	21900	23650	23650
E05000230	12950	15828	19200	21116	22073	23025	23916	25700	32750	39250
E05009367	8400	7700	8000	8800	9200	9600	9700	10000	10700	11400
E05009368	11700	13500	14400	14600	14700	14800	14900	15200	15800	16000
E05009369	11700	12700	13200	13400	13500	13600	13600	13800	14200	14400
E05009370	5900	6700	8200	8600	8700	8800	8900	9100	9700	10200
E05009371	6500	7200	8800	9300	9500	9800	9800	10000	10700	10900
E05009372	10400	11300	12500	12800	13000	13100	13200	13400	14000	14500
E05009373	10600	11600	13000	13200	13300	13400	13600	14000	14600	14800
E05009374	11300	10400	11900	12200	12300	12400	12900	13900	16200	17400
E05009375	9400	10600	12400	13000	13200	13400	13600	14100	15600	16600
E05009376	10100	10800	12100	12500	12600	12700	12800	13000	14100	14800
E05009377	8700	9700	11700	12400	12600	12800	13000	13400	14500	15200
E05009378	9200	9900	12800	13300	13500	13600	13900	14300	14700	14700
E05009379	12400	11900	12600	12900	13000	13200	13400	13800	14800	15700
E05009380	10000	11200	13900	14100	14200	14400	14500	14900	15500	15800
E05009381	9300	10500	12400	12800	12900	13100	13200	13500	14000	14200
E05009382	6300	7000	8300	8600	8700	8800	8900	9000	9500	9900
E05009383	14200	15200	15900	16300	16500	16800	17000	17500	18400	19200
E05009384	8800	8700	9400	9600	9700	9900	10000	10300	10900	11400
E05009385	11900	12700	13900	14200	14300	14400	14500	14700	15200	15500
E05009386	11500	11500	12400	12600	12700	12800	12900	13100	13500	13900
E05009387	9700	9500	10000	10800	11200	11600	11800	12100	13000	14000
E05000250	11500	10979	11550	11569	11610	11645	11707	11850	12050	12150
E05000251	12200	12494	14200	14229	14257	14291	14315	14400	14500	14600
E05000252	11800	12215	12250	12524	12633	12710	12782	12900	13100	13500
E05000253	7800	8256	9200	9927	10316	10704	10904	11300	12550	13900
E05000254	10450	10703	11000	11270	11421	11548	12042	13000	13850	13850
E05000255	10500	10707	11300	11612	11724	11807	12159	12850	13500	13650
E05000256	11850	12525	11950	12111	12198	12270	12540	13050	14100	14900
E05000257	10150	10867	11000	11082	11122	11155	11190	11250	11350	11400
E05000258	11250	11616	11600	12145	12395	12638	12920	13450	14650	15750
E05000259	7500	7433	7500	7552	7573	7601	7672	7850	8150	8400
E05000260	10550	10616	10850	10839	10865	10870	10906	11000	11150	11250
E05000261	11050	10781	10800	10878	10935	10996	11042	11150	11550	12000
E05000262	9950	10305	12800	13162	13357	13541	13927	14700	16550	17500
E05000263	10550	11550	12200	12582	12786	12972	13336	14050	15850	17300
E05000264	10200	10933	11200	11291	11330	11367	11400	11450	11850	12050
E05000265	12250	12695	13400	13585	13682	13764	13797	13850	14000	14100
E05000266	10800	10724	11900	11931	11993	12052	12088	12100	12200	12450
E05000267	11250	11879	13800	14135	14276	14417	14424	14350	14250	14400
E05000268	12350	13375	14550	14779	14908	15032	15135	15250	15650	16150
E05000269	11150	11343	12500	12621	12699	12785	12854	12900	12900	13050
E05000270	11600	11348	12550	12771	12892	13009	13078	13100	13150	13400
E05000271	10900	12912	13350	13754	13926	14079	14292	14550	14800	14900
E05000272	10650	10541	11700	11911	12016	12119	12240	12400	12900	13600
E05000273	10400	11042	12750	12913	12999	13098	13244	13450	13550	13700
E05000274	10250	10097	10850	10946	11006	11074	11244	11500	11800	11950
E05000275	11800	12579	14000	14379	14539	14686	15558	17100	20550	22200
E05000276	12950	13409	14500	14797	14988	15170	15476	15950	16750	17600
E05000277	13000	13655	14700	15459	15789	16123	16208	16250	17000	17650
E05000278	13550	14056	16050	16325	16482	16627	16711	16750	16800	17100
E05000279	10700	10778	11850	12049	12126	12227	12236	12200	12400	12650
E05000280	12300	13033	14650	15301	15610	15924	16212	16650	17900	18850
E05000281	13100	13736	15150	16256	16799	17322	18001	19200	20450	21000
E05000282	12200	12727	13450	13756	13898	14026	14160	14300	14350	14550
E05000283	12300	12773	13500	13708	13838	13958	14014	14050	14250	14650
E05000284	11850	13167	14600	15025	15207	15387	15749	16350	16850	17200
E05000285	9700	10407	11450	11542	11585	11637	11653	11700	11800	11950
E05000286	10250	10941	12600	13053	13277	13506	13682	14050	14800	15350
E05000287	10050	10677	11750	11893	11964	12025	12187	12500	12900	13050
E05000288	9550	10965	12550	12869	12999	13118	13309	13650	14900	16100
E05000289	10900	11668	12400	12617	12727	12840	12873	13000	13350	13650
E05000290	10500	10871	11450	11588	11620	11665	11715	11850	12100	12450
E05000291	10300	10242	10800	10849	10894	10929	10968	11050	11250	11500
E05000292	9700	9821	10200	10305	10339	10377	10605	11050	12200	13450
E05000293	9600	10054	11250	11436	11525	11622	11638	11700	11800	11950
E05000294	10050	10478	11250	11398	11455	11508	11523	11550	11650	11800
E05000295	10450	10680	11250	11417	11470	11526	11557	11650	11800	12000
E05000296	9400	10568	12350	12693	12855	13024	13239	13650	14600	15000
E05000297	9750	10080	10100	10206	10252	10301	10328	10400	10650	10850
E05000298	9700	10039	10500	10559	10588	10632	10656	10700	10850	11050
E05000299	10250	10896	12050	12224	12295	12345	12372	12450	12600	12750
E05000300	10250	10625	11200	11339	11396	11453	11508	11600	11850	12000
E05000301	11150	12016	12950	13029	13084	13129	13166	13200	13500	13800
E05000302	10750	11338	11750	11895	11943	12000	12034	12100	12200	12350
E05000303	9500	10791	11300	11416	11441	11474	11631	11900	12450	12800
E05000304	9150	10453	11500	11606	11640	11709	11770	11900	12250	12450
E05000305	9900	10022	10450	10606	10643	10695	10714	10750	11050	11300
E05000306	13050	13455	15050	16041	16565	17089	17601	18650	21750	23350
E05000307	12250	12279	12600	12613	12627	12629	12631	12650	12800	12900
E05000308	12100	12172	12500	12610	12672	12720	12730	12750	12750	12750
E05000309	11450	11597	12050	12074	12081	12087	12080	12100	12100	12100
E05000310	14050	13994	14750	15059	15222	15379	15619	16100	16850	17100
E05000311	12550	12404	12300	12470	12539	12588	12592	12600	12700	12800
E05000312	12050	12449	12700	13217	13488	13752	13972	14400	15250	15600
E05000313	12400	12171	13050	13122	13162	13188	13215	13250	13400	13500
E05000314	11800	11900	12600	12914	13070	13217	13274	13400	13550	13500
E05000315	12400	12737	13000	13105	13130	13149	13189	13250	13400	13450
E05000316	12600	12498	13000	13056	13093	13118	13122	13150	13250	13250
E05000317	12850	12759	13000	13021	13036	13029	13026	13000	13250	13450
E05000318	12150	12290	12550	12846	13012	13153	13263	13500	14050	14450
E05000319	13250	14197	16000	17322	18014	18683	18992	19600	22300	24400
E05000320	12850	13001	13400	13536	13604	13663	13658	13650	14150	14450
E05000321	12650	13212	13600	15065	15801	16537	17625	19800	22900	23450
E05000322	11850	12315	13250	13356	13391	13415	13422	13450	13450	13400
E05000323	12700	12768	12900	12952	12960	12958	13023	13150	13600	14050
E05000324	11900	12692	13550	13867	13955	14038	14109	14250	14450	14600
E05000325	12600	12874	15150	15633	15788	15941	16104	16400	16900	17150
E05000326	10750	12098	13900	14555	14654	14764	14763	14750	14800	15050
E05000327	11400	11404	11750	12006	12065	12122	12138	12150	12450	12650
E05000328	11600	12083	12700	13046	13121	13209	13222	13250	13450	13600
E05000329	11600	11442	12250	12497	12561	12614	12611	12650	12700	12800
E05000330	7200	7201	7450	7659	7702	7762	7829	7950	8300	8600
E05000331	10400	11061	12300	12818	13024	13237	13345	13600	14300	14900
E05000332	12050	12297	13000	13442	13556	13677	13694	13750	13800	13900
E05000333	10000	9989	10450	10682	10729	10767	10776	10800	10900	11050
E05000334	11050	10832	11550	11781	11829	11885	11886	11900	12000	12050
E05000335	10650	10507	10550	10767	10816	10864	10898	10950	11200	11500
E05000336	10950	10937	11650	11925	11986	12050	12043	12050	12150	12200
E05000337	12550	13411	14900	15406	15574	15751	15772	15800	16000	16150
E05000338	11000	11514	12450	12799	12879	12940	13006	13150	13800	14350
E05000339	11800	12774	14200	14624	14768	14893	14932	15000	15250	15450
E05000340	11850	11765	12150	12709	12913	13120	13918	15450	17700	18600
E05000341	11600	12899	14050	14842	14933	15003	15045	15100	15400	15950
E05000342	11750	12384	14500	14951	15093	15240	15264	15300	15450	15600
E05000343	10350	10041	10700	11224	11418	11618	11649	11750	11850	12000
E05000344	12100	12661	13700	14025	14127	14237	14255	14300	14450	14550
E05000345	11250	11521	13100	13525	13639	13763	13829	13950	14750	15450
E05000346	10300	10885	12750	12911	12925	12944	12963	13050	13250	13550
E05000347	11000	12120	14450	15211	15519	15808	16280	17200	19000	20100
E05000348	10550	11202	11400	11574	11611	11640	11647	11700	11850	12150
E05000349	11200	11444	11600	11710	11719	11719	11735	11750	11850	11950
E05000350	11200	11370	12400	12637	12690	12740	12750	12800	13000	13550
E05000351	9750	10204	11600	11805	11837	11861	11969	12150	12750	13350
E05000352	11800	12557	15650	15797	15804	15817	15861	15900	16150	16400
E05000353	11250	11287	12250	12371	12392	12406	12427	12450	12650	13000
E05000354	10600	10362	11450	11926	12085	12250	12285	12350	12600	13250
E05000355	11250	11545	12350	12572	12585	12621	12803	13200	13700	13900
E05000356	11050	11478	12400	12611	12656	12688	12813	13050	13750	14150
E05000357	11550	11684	12500	12674	12707	12734	12784	12850	13150	13550
E05000358	11100	12575	15250	15826	16017	16198	16657	17550	20100	21900
E05000359	11400	12489	14800	15093	15160	15239	15429	15800	16750	17300
E05000360	10600	10888	11450	11626	11659	11678	11682	11700	11750	11900
E05000361	10600	11093	12700	13329	13540	13751	13808	13900	14350	14750
E05000362	11000	11426	12050	12139	12138	12152	12176	12250	12650	13200
E05000363	10650	11014	13100	13297	13319	13346	13440	13600	13950	14300
E05000364	9950	11269	13650	13980	14079	14192	14452	14950	15950	16550
E05000365	10450	11234	11500	11743	11773	11810	11868	12000	12250	12650
E05000366	10550	10807	12250	12622	12775	12932	13051	13300	13850	14300
E05000367	10300	11747	14650	15795	16254	16677	17251	18350	19700	20250
E05000368	11850	11640	13950	14534	14737	14925	15067	15350	16100	16800
E05000369	10100	11121	12100	12333	12408	12490	12531	12650	13000	13400
E05000370	10000	11045	11500	12014	12175	12344	12604	13100	13850	14400
E05000371	12750	12991	14400	14903	15098	15295	15732	16600	17650	18100
E05000372	10550	10644	11700	11901	12020	12154	12247	12450	13150	13750
E05000373	12000	12916	15100	15762	16073	16389	16479	16700	17300	17850
E05000374	11650	10920	11800	12102	12227	12361	12426	12550	13000	13450
E05000375	11450	12304	15000	15620	15848	16051	16152	16350	16850	17350
E05000376	11050	10920	12050	12532	12739	12941	13072	13350	14150	14800
E05000377	11600	12138	12950	13254	13371	13510	13641	13900	14450	14900
E05000378	11400	11384	12450	12795	12927	13081	13230	13550	14100	14500
E05000379	10800	10896	11600	12072	12295	12506	12738	13200	13900	14300
E05000380	11200	11104	11850	12551	12868	13194	13406	13800	14450	14800
E05000381	12750	12706	13350	13666	13790	13921	13999	14150	14600	15050
E05009388	9300	10000	10100	10400	10600	10800	10900	11100	12400	13000
E05009389	10800	10900	10000	10000	10100	10100	10100	10100	10300	10400
E05009390	9600	9900	9500	9500	9500	9500	9600	9800	10200	10400
E05009391	10100	9500	8700	8800	8900	8900	9000	9000	9600	9900
E05009392	9500	9800	9700	9700	9700	9700	9700	9800	9900	9800
E05009393	10900	11000	10000	10100	10100	10200	10200	10300	10300	10400
E05009394	6900	7200	7000	7100	7200	7200	7200	7300	7800	8600
E05009395	10900	10500	10000	10100	10200	10200	10400	10600	11200	11700
E05009396	8800	9200	8800	9100	9200	9400	9600	10000	11900	13900
E05009397	8500	9200	8800	8800	8800	8800	8900	9000	9300	9400
E05009398	6100	6100	6000	6000	6100	6100	6100	6100	6200	6200
E05009399	8600	8800	8800	8900	8900	8900	9000	9100	9300	9300
E05009400	6600	6700	6000	6100	6100	6100	6100	6200	6200	6200
E05009401	9500	10300	9500	9600	9600	9600	9700	9800	9900	10000
E05009402	9300	9300	9700	9700	9700	9700	9700	9800	9800	9800
E05009403	10400	10400	9700	9800	9800	9800	9800	9900	10100	10200
E05009404	6000	6200	6200	6300	6300	6300	6400	6500	6700	7000
E05009405	9800	10100	10200	10200	10300	10300	10300	10400	10600	10800
E05000400	9150	9086	9300	9554	9641	9723	9818	10000	10500	10800
E05000401	9400	9441	9450	9686	9737	9782	9805	9850	10050	10200
E05000402	9600	9776	10150	10338	10397	10446	10582	10850	11400	11700
E05000403	9750	11038	12450	12924	13124	13306	13552	14050	14700	15100
E05000404	8800	8582	8750	8926	8962	8997	9025	9100	9200	9350
E05000405	9600	9869	10250	10460	10514	10547	10646	10850	11450	12050
E05000406	10400	10683	10350	10673	10704	10746	10814	10950	11500	12000
E05000407	9400	9656	9800	9972	10017	10065	10105	10200	10400	10550
E05000408	8000	9506	11000	11548	11667	11778	12015	12500	13850	14750
E05000409	8950	9530	10150	10461	10536	10607	10658	10750	11150	11900
E05000410	9100	9123	9450	9619	9648	9691	9702	9750	9950	10150
E05000411	8700	8722	9000	9167	9206	9239	9271	9300	9500	9650
E05000412	9800	10025	10450	10830	10861	10900	10922	10950	11200	11450
E05000413	10350	10220	10500	10791	10859	10934	11018	11200	11750	11950
E05000414	9650	9627	9850	10301	10463	10625	10902	11450	12550	13050
E05000415	8500	8783	9600	9756	9795	9831	9896	10000	10250	10350
E05000416	9450	9123	9700	10640	11024	11380	11532	11800	13650	15600
E05000417	12900	14115	15950	16377	16529	16670	16805	17100	17400	18250
E05000418	12750	11865	12950	13320	13465	13617	13742	13950	14300	14600
E05000419	13800	12939	13900	14436	14628	14833	14952	15150	15300	15450
E05000420	14800	16595	16850	17229	17372	17499	17814	18450	18900	19200
E05000421	13400	14793	15150	15880	16150	16414	16592	16900	17150	17200
E05000422	14000	13046	13800	13805	13859	13924	14002	14150	14500	14950
E05000423	12200	14016	15200	15406	15509	15616	15700	15900	16250	16700
E05000424	14050	13050	14850	14997	15101	15214	15278	15400	15750	16150
E05000425	14400	16182	17350	17810	17882	17981	18072	18300	18400	18600
E05000426	12400	13183	15200	16001	16312	16603	17520	19300	22150	23550
E05000427	12000	12603	14350	14902	15142	15403	15743	16400	17150	17700
E05000428	12650	12399	14650	14921	15059	15207	15285	15450	15700	16000
E05000429	13850	14486	14850	15109	15195	15261	15340	15500	15550	15600
E05000430	13800	13394	14350	14734	14945	15144	15236	15450	16100	16650
E05000431	13800	12788	14400	14581	14672	14762	14850	15050	15400	15900
E05000432	13200	12811	15000	15117	15183	15258	15366	15600	15900	16300
E05000433	13000	12340	12600	13287	13642	14002	14145	14450	15650	16300
E05000434	11300	12264	13700	13731	13745	13780	13843	14000	14250	14650
E05000435	13550	14797	15850	16097	16176	16259	16303	16400	16450	16700
E05000436	13550	13735	14200	14963	15283	15597	15826	16250	16550	16600
E05000437	13950	14181	14850	15059	15165	15280	15347	15500	15800	16200
E05000438	13550	13428	14150	14584	14795	15008	15232	15650	16500	16950
E05000439	14050	15972	17250	18021	18284	18537	18643	18850	19000	19150
E05000440	14350	14609	15300	15489	15581	15662	15708	15750	15850	16050
E05000441	14300	14126	15050	15172	15256	15331	15370	15450	15600	15800
E05000442	14600	14067	14650	14822	14896	14979	15023	15100	15300	15650
E05000443	14850	14540	16700	17689	18126	18540	19472	21300	25550	28800
E05000444	14400	13528	14950	15118	15211	15312	15383	15550	15750	16000
E05000445	14350	13947	14750	14927	15020	15108	15159	15250	15450	15750
E05000446	12750	14195	14600	14969	15099	15220	15268	15350	15450	15650
E05000447	12350	13214	14650	14870	14962	15055	15132	15300	15500	15700
E05000448	13600	15161	17550	18927	19579	20232	20889	22200	24150	24950
E05000449	15500	15033	15850	16808	17240	17663	18447	19950	22300	24250
E05000450	14850	14838	15700	15858	15936	16028	16056	16150	16250	16400
E05000451	13550	13105	15000	15801	16226	16651	16897	17400	18350	19550
E05000452	15700	14959	15700	15935	16044	16155	16186	16250	16550	16850
E05000453	14800	15530	16500	16941	17089	17228	17358	17600	17850	18000
E05000454	13650	13543	14350	14691	14873	15064	15192	15450	15850	16100
E05000455	9750	10289	10400	10506	10527	10579	10606	10650	10850	11000
E05000456	9400	9069	9300	9418	9453	9476	9533	9650	9850	10000
E05000457	9500	9942	10800	11073	11170	11259	11297	11400	11700	11850
E05000458	10500	10735	11550	11692	11753	11806	11917	12150	12650	13050
E05000459	9250	9292	9350	9491	9572	9650	9708	9850	10050	10200
E05000460	10050	10325	11350	11500	11584	11677	11726	11850	12200	12450
E05000461	9550	9512	9900	10008	10052	10083	10096	10150	10200	10300
E05000462	9250	9139	9050	9174	9220	9260	9272	9300	9400	9450
E05000463	9800	9861	10350	10518	10579	10647	10731	10900	11200	11350
E05000464	9800	9549	10100	10329	10417	10513	10530	10550	10700	10800
E05000465	8700	8701	9150	9275	9309	9342	9366	9400	9550	9750
E05000466	9300	9500	9550	9671	9707	9747	9854	10050	10700	11300
E05000467	10050	9878	10350	10586	10690	10793	10831	10900	11050	11250
E05000468	9400	9469	10050	10161	10217	10270	10293	10350	10600	11000
E05000469	9550	9480	9800	9915	9953	10003	10083	10250	10700	10950
E05000470	9300	9547	10500	10588	10616	10657	10696	10750	11000	11250
E05000471	9050	9430	9900	9957	9986	10023	10054	10100	10250	10350
E05000472	9050	8872	8550	8684	8727	8764	8880	9100	9600	10050
E05000473	9700	9564	9950	10074	10132	10192	10220	10300	10500	10650
E05000474	10300	10366	11300	11390	11439	11492	11561	11700	12050	12400
E05000475	13500	13089	15350	16030	16380	16698	17620	19350	21800	24300
E05000476	12650	13281	16200	16259	16310	16369	16329	16300	16400	16550
E05000477	12400	12674	15000	15824	16247	16672	16943	17500	18750	19850
E05000478	11600	12617	16200	18302	19344	20373	21278	23050	25900	27000
E05000479	12250	11937	13600	14224	14546	14871	14998	15200	17300	19100
E05000480	12550	13190	16100	16122	16154	16189	16272	16400	16750	17200
E05000481	11750	11705	14050	14148	14193	14248	14236	14200	14100	14150
E05000482	12850	13135	15800	15971	16109	16244	16288	16350	16500	16800
E05000483	13000	13448	16450	16486	16519	16539	16545	16550	16450	16400
E05000484	14350	14433	17550	17861	18018	18158	18211	18300	18750	19200
E05000485	13650	13744	16100	16149	16207	16267	16235	16200	16000	15900
E05000486	13250	12801	15300	15364	15440	15490	15465	15400	15300	15300
E05000487	13750	14278	16850	16919	17024	17102	17143	17250	17700	18250
E05000488	12500	12999	15500	15522	15565	15605	15633	15700	15650	15650
E05000489	13650	13121	15700	15706	15746	15778	15803	15850	15800	15850
E05000490	12150	13181	16650	16692	16751	16794	16876	17000	17150	17300
E05000491	6400	8058	10850	13704	15135	16573	17548	19500	24800	29500
E05000492	12800	13872	18000	22393	24567	26722	29121	33800	47600	59800
E05000493	13350	13480	15050	15064	15123	15164	15167	15150	15100	15200
E05000494	13000	12951	15750	15954	16041	16131	16250	16450	16900	17200
E05000495	11800	13372	14700	15279	15531	15783	16074	16650	17800	18650
E05000496	11450	11854	12700	12975	13051	13133	13230	13450	13750	13900
E05000497	11400	11192	11750	11836	11839	11866	11877	11900	12000	12200
E05000498	11200	12833	14400	14617	14732	14846	14953	15150	15600	15850
E05000499	10150	10116	11650	11777	11840	11901	12013	12250	12500	12550
E05000500	12000	12266	13350	13524	13545	13579	13627	13700	13900	14150
E05000501	11500	11989	14800	15862	16388	16936	17900	19800	22700	23550
E05000502	12050	12265	12900	13115	13191	13289	13406	13650	14200	14500
E05000503	10550	11918	12750	12865	12894	12920	13017	13200	14400	15950
E05000504	11400	11940	13050	13115	13136	13152	13172	13200	13400	13600
E05000505	11200	11987	13200	13310	13368	13418	13439	13450	13850	14250
E05000506	11550	11948	13050	13327	13442	13555	13748	14150	15250	16000
E05000507	13850	14908	16700	17216	17468	17710	18268	19400	22050	23150
E05000508	11400	12189	13800	13892	13921	13960	13986	14050	14250	14550
E05000509	10000	10069	10500	10591	10611	10628	10648	10700	10900	11100
E05000510	13250	14715	16900	17211	17333	17454	17484	17550	18050	20050
E05000511	10950	11557	12150	12367	12464	12559	12646	12850	13200	13450
E05000512	12100	13212	15300	16176	16566	16951	17194	17650	19450	21600
E05000513	11050	11207	11950	12049	12059	12080	12102	12150	12250	12350
E05000514	11900	12480	14250	14627	14829	15029	15156	15400	16300	17150
E05000515	11700	11573	11650	11683	11694	11708	11745	11800	12100	12400
E05000516	9950	10617	10350	10459	10493	10516	10529	10550	10700	10800
E05000517	9850	10234	10400	10464	10480	10515	10554	10650	10900	11100
E05000518	9550	9791	10150	10263	10286	10311	10346	10400	10550	10600
E05000519	9750	10097	10350	10500	10535	10574	10672	10850	11400	11850
E05000520	9500	9464	10000	10144	10183	10231	10278	10350	10650	10950
E05000521	9150	9084	9400	9542	9581	9615	9620	9650	9700	9750
E05000522	9200	9800	10250	10448	10484	10525	10557	10600	10700	10800
E05000523	9650	9970	10350	10523	10562	10599	10619	10650	10750	10800
E05000524	9550	10943	11450	11598	11635	11663	11703	11750	12000	12150
E05000525	10050	10848	10950	11016	11052	11101	11146	11250	11600	11950
E05000526	9900	10586	10650	10896	10954	11036	11062	11150	11350	11550
E05000527	10050	10474	11200	11519	11652	11804	11896	12100	12650	12900
E05000528	10450	10900	10850	10999	11035	11079	11106	11150	11350	11650
E05000529	9150	9707	10050	10037	10065	10090	10109	10150	10300	10450
E05000530	9700	10017	10350	10507	10537	10557	10692	10950	11250	11450
E05000531	9750	10137	10400	10561	10602	10631	10652	10700	10800	10900
E05000532	9850	10473	10550	10674	10710	10734	10749	10800	10900	11000
E05000533	9250	9378	9800	9955	10000	10034	10041	10050	10100	10200
E05000534	11700	12134	13200	13409	13501	13576	13615	13700	14000	14450
E05000535	13400	13786	15100	15515	15738	15955	15940	15950	17050	17950
E05000536	13800	14127	14950	16269	16793	17261	18208	19950	24250	26250
E05000537	13750	16207	15200	15822	16020	16177	16328	16550	17150	17600
E05000538	10800	10822	11900	11831	11858	11880	12022	12350	13150	13900
E05000539	11450	11806	12400	12304	12330	12382	12460	12650	13000	13150
E05000540	12600	11472	11600	12747	13312	13840	14348	15350	16500	16750
E05000541	13300	12830	12900	12958	13021	13061	13973	15700	18950	20000
E05000542	12650	13553	15400	16607	17122	17608	17644	17700	18750	20050
E05000543	13000	13087	14150	14573	14811	15009	15183	15500	16300	16800
E05000544	13500	13228	14150	14893	15215	15517	15835	16450	17550	17950
E05000545	11200	12337	13700	13745	13789	13840	13921	14150	14450	14650
E05000546	11950	13420	14750	15064	15222	15366	15507	15800	16250	16450
E05000547	11800	12496	13600	13518	13542	13569	13673	13900	14450	14900
E05000548	11650	12638	14450	15567	16087	16598	17158	18300	19750	20200
E05000549	12000	12472	13800	14472	14776	15074	15361	15900	17300	18450
E05000550	12250	11744	13850	14146	14286	14414	14438	14500	14700	15100
E05000551	11850	12135	12700	12940	13065	13198	13341	13650	14050	14300
E05000552	12100	12717	13500	14499	14959	15420	16261	17900	19850	20450
E05000553	12550	13272	15650	15973	16200	16426	16854	17650	18850	19250
E05000554	10950	11270	12450	12456	12471	12497	12628	12900	13650	14350
E05000555	10050	9970	10400	10508	10529	10558	10602	10700	11050	11350
E05000556	10500	9755	10750	10870	10889	10896	10922	10950	11100	11300
E05000557	9850	9864	10100	10276	10299	10330	10352	10400	10900	11300
E05000558	9950	9827	10100	10293	10355	10402	10434	10500	10650	10750
E05000559	9800	9878	9800	10055	10138	10218	10302	10450	10850	11300
E05000560	9750	10011	10350	10510	10528	10535	10571	10650	10850	11100
E05000561	10250	10380	10700	10879	10899	10910	10946	11000	11100	11250
E05000562	10900	11379	12050	12201	12245	12279	12311	12350	12450	12550
E05000563	10400	10522	10800	10950	10962	10987	10999	11000	11100	11250
E05000564	10150	10176	11050	11344	11448	11552	11659	11850	12450	12850
E05000565	9750	9884	10400	10547	10569	10597	10606	10650	10750	10850
E05000566	8950	9065	9650	9891	9944	9999	10023	10050	10300	10800
E05000567	10100	10115	10600	10833	10869	10915	10948	11000	11250	11500
E05000568	10500	10532	10250	10428	10474	10515	10536	10550	10700	10850
E05000569	10050	10245	10750	10850	10877	10896	10909	10950	11150	11350
E05000570	9700	9889	10250	10510	10578	10634	10664	10700	10850	11050
E05000571	10850	11155	11750	12027	12132	12253	12525	13100	13750	13900
E05000572	9950	10235	11750	11890	11907	11940	11982	12050	12200	12300
E05009317	18200	19100	21000	21800	22100	22300	22200	22300	23000	23700
E05009318	8900	10800	14200	15500	16200	16800	18500	22100	28400	31000
E05009319	9100	10700	15000	15300	15500	15600	15900	16700	19100	21100
E05009320	10800	11400	13100	13400	13500	13700	13500	13500	13600	13800
E05009321	8800	9200	10600	12000	12700	13400	14000	15600	17900	18600
E05009322	6700	6900	8200	9600	10300	11000	11700	13300	15700	16300
E05009323	7300	8800	12700	13600	14000	14300	14600	15500	19600	22800
E05009324	8100	9800	13900	14900	15400	15800	16500	18000	22900	26100
E05009325	11800	13600	15000	15800	16200	16600	17300	18800	22400	23800
E05009326	6300	6700	7800	8000	8100	8200	8200	8400	9100	9500
E05009327	12800	13800	15500	16300	16700	17100	17400	18300	20000	20700
E05009328	5200	5800	7000	7400	7500	7700	8000	8700	10200	10800
E05009329	9000	10100	11300	11600	11800	11900	11800	11900	12100	12400
E05009330	10400	10500	11400	11800	12100	12300	12400	12800	14100	14700
E05009331	16200	16600	17800	18500	18800	19000	19000	19300	21200	22400
E05009332	9100	9300	11200	11400	11500	11700	11500	11500	12300	12800
E05009333	10700	11200	12500	13400	13800	14100	14100	14300	15100	15400
E05009334	10000	11000	12400	13000	13300	13500	13600	14000	14900	15300
E05009335	11600	11500	12800	13700	14100	14500	14900	15900	17000	17000
E05009336	11100	11500	13100	14100	14500	14900	15200	16100	17900	18500
E05000590	11650	12355	13900	14160	14251	14339	14363	14400	14450	14400
E05000591	10850	11249	12800	13076	13198	13302	13379	13500	13750	13950
E05000592	11300	11974	14200	14407	14519	14617	14654	14750	15150	15800
E05000593	9650	9672	10350	10482	10519	10561	10619	10750	11050	11450
E05000594	10300	10306	10800	11023	11094	11154	11235	11400	11650	11850
E05000595	10650	11188	12700	12996	13115	13248	13291	13400	13750	14300
E05000596	11700	12499	14700	15043	15174	15295	15355	15500	15800	16000
E05000597	10250	10588	11450	11827	11997	12178	12213	12300	12550	12800
E05000598	10050	10310	11150	11301	11348	11412	11454	11600	11850	12100
E05000599	11450	12049	14250	14543	14699	14854	15026	15350	16500	17750
E05000600	11400	11685	13300	13759	13978	14193	14545	15250	16650	17500
E05000601	11850	12081	14050	14325	14478	14613	14644	14700	14900	15100
E05000602	10750	10635	11450	11759	11897	12033	12244	12650	13200	13450
E05000603	12600	13543	15800	15995	16112	16236	16447	16900	17650	18350
E05000604	12800	12645	14300	14625	14789	14951	15064	15300	16150	17350
E05000605	10900	11557	13000	13239	13328	13437	13478	13550	13750	13900
E05000606	11100	11775	13750	14513	14887	15264	15483	15950	17150	17900
E05000607	10850	10890	11550	11707	11776	11840	11883	11950	12250	12600
E05000608	11250	11769	13400	13557	13652	13749	13908	14250	15500	16650
E05000609	11550	11961	13500	13802	13978	14150	14168	14250	14950	15750
E05000610	13450	14211	14800	14946	14983	15045	15109	15250	15500	15700
E05000611	13650	14419	14650	14875	14967	15075	15173	15350	15650	15850
E05000612	13500	14341	15500	15750	15913	16079	16162	16300	16550	16900
E05000613	13900	14311	15100	15460	15638	15828	15998	16300	16750	17000
E05000614	12700	13782	14700	15026	15186	15361	15436	15600	16050	16750
E05000615	14100	14796	15550	15694	15794	15863	15954	16050	16300	16600
E05000616	13800	14098	15250	15475	15594	15689	15781	15950	16350	16650
E05000617	13100	14020	15400	15703	15782	15853	15968	16200	16700	17300
E05000618	14150	14517	14750	14794	14862	14934	15056	15300	15650	15850
E05000619	13500	14675	15050	15126	15245	15379	15583	15950	16650	17150
E05000620	13050	13870	16400	18319	19246	20143	22171	26100	36100	44250
E05000621	13450	15458	16150	17094	17381	17553	17782	18100	18800	19800
E05000622	12950	14242	16600	16991	17126	17243	17475	17950	18650	19050
E05000623	13150	13776	14250	14390	14464	14523	14603	14750	15000	15100
E05000624	14750	15433	16350	16476	16617	16762	16949	17300	18000	18350
E05000625	13000	13882	14950	15114	15258	15419	15626	16050	16700	17150
E05000626	13850	14616	16250	16925	17185	17370	17457	17600	17950	18450
E05000627	14100	14090	15350	15792	16075	16367	16753	17500	19000	19700
E05000628	14950	14992	16500	16653	16766	16862	16989	17200	17600	17900
E05000629	13250	14009	14800	15107	15257	15382	15487	15650	16050	16400
E05000630	10600	10465	11250	11366	11429	11501	11616	11800	12150	12350
E05000631	9150	10061	10300	10419	10466	10521	10558	10600	10800	10950
E05000632	11000	12874	12000	12404	12546	12668	12730	12800	13050	13200
E05000633	8450	9395	9650	10109	10330	10542	10783	11250	12150	12450
E05000634	10150	11723	11750	11946	11979	12021	12020	12000	12200	12300
E05000635	9550	11099	12050	12196	12256	12333	12354	12400	12450	12600
E05000636	11550	12613	12450	13021	13243	13451	13950	14850	15750	15900
E05000637	10250	10691	9300	9854	9958	10046	10247	10600	11450	12300
E05000638	13450	14396	13200	13543	13663	13798	13873	13950	14100	14150
E05000639	9000	10085	10650	10847	10955	11073	11192	11450	11950	12100
E05000640	10800	10965	10200	10374	10462	10560	10703	10950	11300	11450
E05000641	9900	10600	10350	10823	10994	11142	11245	11400	11800	12100
E05000642	10150	11648	12550	12825	12951	13061	13101	13150	13250	13300
E05000643	12250	13129	12100	12328	12416	12511	12628	12850	13700	14300
E05000644	9700	11178	10800	11561	11821	12061	12439	13150	14400	15250
E05000645	9300	8925	8150	8364	8425	8489	8511	8550	8600	8650
E05000646	9550	9773	10000	10292	10400	10510	10692	11000	11300	11400
E05000647	8200	9211	9400	9631	9727	9813	9858	9900	10000	10150
E05000648	11150	12956	12750	12995	13097	13217	13383	13650	14400	14800
E05000649	9000	11042	10600	10972	11099	11231	11356	11550	12300	12850