New Code	2001	2006	2011	2013	2018	2023	2028
E05000026	8238	8150	10268	10989	12337	13810	14645
E05000027	6853	6769	7659	7715	7732	7732	7769
E05000028	8967	8725	9044	9436	10481	10946	10946
E05000029	2778	2774	2984	3032	3162	3236	3280
E05000030	2956	2922	3072	3101	3115	3144	3188
E05000031	7087	7262	8129	8210	8268	8338	8373
E05000032	8718	9861	11517	13007	15739	17849	18767
E05000033	8139	7894	8882	8928	8961	8961	9117
E05000034	4872	4956	5422	5498	5596	5646	5846
E05000035	5440	5801	7020	7156	7233	7233	7324
E05000036	5064	5021	5602	5641	5683	5710	5737
E05000037	7316	7331	7959	8039	8080	8080	8160
E05000038	3308	3195	3515	3675	4570	5816	6488
E05000039	1294	1477	1615	2229	3320	4269	5137
E05000040	6845	6845	7696	7805	8044	8160	8276
E05000041	4563	4440	5052	5098	5169	5239	5285
E05000042	6242	6134	6853	7024	7400	7658	7851
E05000043	4677	4664	5181	5358	5606	5748	5826
E05000044	7498	7978	8853	9164	9530	9651	9651
E05000045	5690	5894	6499	6674	6951	7355	7792
E05000046	5348	5590	6505	8319	11437	14244	16121
E05000047	5440	5707	6359	6507	6598	6543	6524
E05000048	4161	4161	4321	4444	4627	4747	4827
E05000049	5897	5984	6395	6564	6694	6634	6594
E05000050	2709	2835	3023	3096	3239	3401	3500
E05000051	5155	5405	5797	5982	6200	6255	6255
E05000052	3163	3122	3385	3487	3586	3596	3596
E05000053	5567	5860	6357	7378	8796	10108	11403
E05000054	2932	3040	3227	3295	3365	3384	3393
E05000055	5513	5809	6535	6675	6764	6693	6676
E05000056	1691	1730	1848	1909	1992	2053	2131
E05000057	1661	1784	1970	2053	2338	2636	2758
E05000058	4505	4511	4776	4898	5017	5077	5092
E05000059	1675	1731	1732	1830	1989	2160	2274
E05000060	3505	3487	3516	3659	3879	3956	3967
E05000061	6725	7266	7673	7881	8089	8228	8343
E05000062	4331	4319	5089	5360	5877	6679	7481
E05000063	6047	6517	6734	6943	7172	7172	7230
E05000064	3580	3600	3632	3667	3736	3806	3910
E05000065	3796	3879	4162	4240	4354	4389	4423
E05000066	6200	6169	6318	6365	6348	6378	6407
E05000067	4981	4982	5220	5249	5243	5267	5315
E05000068	5311	5284	5388	5399	5388	5388	5438
E05000069	4095	4181	4310	4395	4467	4702	5153
E05000070	6478	6627	6813	6867	6935	6995	7026
E05000071	2609	2735	2848	2933	3087	3201	3302
E05000072	1439	1478	1565	1573	1599	1627	1648
E05000073	3815	3846	4017	4046	4073	4146	4238
E05000074	4786	4772	5016	5047	5062	5177	5269
E05000075	2862	3120	3516	3608	4010	4533	4794
E05000076	6346	6318	6496	6541	6556	6616	6676
E05000077	4641	4629	4810	4834	4852	4873	4894
E05000078	3715	3781	4043	4067	4101	4158	4216
E05000079	2359	2503	2606	2635	2819	2943	2976
E05000080	5990	6121	6076	6103	6104	6133	6219
E05000081	2281	2258	2382	2385	2394	2416	2461
E05000082	7389	7503	7700	7754	7769	7803	7838
E05000083	3865	3986	4032	4058	4087	4143	4235
E05000084	2703	2790	3055	3098	3219	3357	3533
E05000085	6169	6102	6850	7125	8210	9108	9594
E05000086	4532	4595	5320	5382	5488	5572	5656
E05000087	6968	6973	7575	7616	7719	7777	7864
E05000088	5414	5336	5871	5890	6001	6088	6175
E05000089	8207	8162	9010	9183	9664	10110	10527
E05000090	4588	4458	5095	5196	5358	5791	6148
E05000091	11314	13957	15534	15553	15983	16566	16836
E05000092	9821	11793	13392	13401	13481	13570	13615
E05000093	5439	4839	5439	5515	5684	5795	5907
E05000094	15519	16414	18114	18357	18909	19121	19174
E05000095	9867	10733	11195	11325	11554	11769	11949
E05000096	4646	4320	4795	4896	5019	5075	5168
E05000097	5527	5473	6511	6541	6783	6972	7097
E05000098	8650	9523	10366	10359	10669	10905	10938
E05000099	6606	6295	7435	7800	8995	9726	10043
E05000100	4036	3908	4197	4258	4629	4888	4999
E05000101	5977	6049	7083	7117	7271	7436	7554
E05000102	4403	4550	5509	6167	7992	10202	12178
E05000103	5498	5372	5972	5988	6059	6145	6253
E05000104	7044	7456	9226	9619	10379	11844	12903
E05000105	8527	8345	10142	10224	10368	10497	10626
E05000106	2855	2951	3122	3151	3194	3255	3307
E05000107	1226	1179	1208	1228	1256	1286	1316
E05000108	1703	1751	1830	1897	1986	2028	2070
E05000109	3901	4170	4547	4794	5153	5597	5906
E05000110	1122	1147	1162	1173	1198	1230	1258
E05000111	1413	1437	1427	1455	1499	1537	1571
E05000112	6949	6879	6905	6999	7148	7214	7258
E05000113	4335	4382	4700	4787	4989	5096	5111
E05000114	1103	1118	1171	1184	1212	1250	1288
E05000115	4088	4114	4278	4327	4380	4443	4494
E05000116	4910	5078	5390	5541	5740	5849	6001
E05000117	162	159	177	181	200	229	258
E05000118	2027	2049	2098	2116	2134	2162	2205
E05000119	1381	1426	1478	1496	1520	1552	1585
E05000120	2837	3010	3078	3111	3164	3241	3299
E05000121	4136	4144	4116	4176	4239	4280	4321
E05000122	3548	3539	3618	3664	3689	3724	3783
E05000123	5626	5755	5896	5982	6099	6200	6318
E05000124	3173	3128	3185	3230	3255	3278	3313
E05000125	3599	3707	3799	3856	3949	4012	4049
E05000126	3786	3822	4030	4082	4132	4152	4193
E05000127	3231	3347	3390	3438	3458	3492	3548
E05000128	15309	15582	16270	16348	16462	16719	17103
E05000129	9207	10047	10579	11209	11705	11950	12391
E05000130	10162	10557	10848	11108	11448	11748	12177
E05000131	14157	15365	15672	16214	16528	16857	17055
E05000132	10680	11138	11674	11916	12171	12369	12568
E05000133	7809	7008	7809	7923	8103	8332	8528
E05000134	15455	15311	16250	16497	17116	17550	17694
E05000135	4450	4358	4613	4621	4736	4940	5144
E05000136	15715	15961	16877	17236	17424	17697	17902
E05000137	3303	3441	3380	3422	3566	3782	3998
E05000138	9122	10322	10879	11307	11925	12553	12888
E05000139	11419	12408	13023	13367	13606	13849	14092
E05000140	15689	16883	17587	17876	18316	18608	18827
E05000141	19055	19669	19219	20149	20609	21018	21345
E05000142	9077	9616	10003	10577	11115	11374	13560
E05000143	9114	9312	9865	10805	12939	14226	14797
E05000144	9549	9731	10265	10403	10822	11180	11379
E05000145	11721	13154	13581	13944	14708	15835	16624
E09000001	2531	2498	2548	2752	3048	3426	3633
E05000146	9886	9909	10673	10933	11807	12625	12972
E05000147	5052	5068	5458	5523	5624	5697	5790
E05000148	11343	11126	11273	11371	11585	11655	11655
E05000149	5673	6032	7025	7277	7889	8377	8659
E05000150	1595	1584	1588	1615	1692	1769	1853
E05000151	2685	2619	2705	2778	2905	3215	3436
E05000152	4182	4207	4494	4543	4721	4806	4834
E05000153	3817	3924	4414	5093	6296	7622	8761
E05000154	7602	7479	7736	7864	8073	8106	8207
E05000155	1521	1486	1521	1546	1612	1693	1773
E05000156	2130	2232	2331	2376	2486	2564	2656
E05000157	4344	4220	4489	4574	4882	5068	5130
E05000158	5579	5870	6572	6692	6870	6949	7009
E05000159	3162	3236	3509	3620	3820	4012	4167
E05000160	1938	1967	2025	2055	2135	2214	2293
E05000161	6533	6908	7985	8062	8315	8425	8469
E05000162	1883	1834	1836	1881	1954	2032	2110
E05000163	5044	4919	5115	5181	5276	5347	5400
E05000164	6244	6428	6980	7040	7211	7296	7317
E05000165	8923	9249	9875	9947	10142	10202	10291
E05000166	5489	5594	6156	6249	6442	6519	6576
E05000167	3728	4054	4702	4765	4935	5044	5099
E05000168	8497	8579	8903	9006	9258	9385	9537
E05000169	7362	7383	7754	7821	7985	8031	8078
E05000170	7776	8019	8734	8816	9157	9636	9777
E05000171	6506	6549	6551	6591	6776	6933	6955
E05000172	5936	5914	6180	6215	6291	6401	6490
E05000173	7028	7106	7594	7987	9371	10475	10718
E05000174	6165	6348	6562	6602	6679	6772	6866
E05000175	3461	3755	4385	4507	4794	5005	5075
E05000176	6351	6694	7301	7403	7701	8001	8152
E05000177	5404	5826	7033	7016	7132	7271	7351
E05000178	3767	4004	4254	4263	4446	4727	4845
E05000179	4394	4568	4775	4784	4852	4943	5019
E05000180	6042	6141	6472	6449	6518	6586	6608
E05000181	8464	8445	9048	9073	9177	9275	9275
E05000182	8344	8129	8798	8840	8928	8993	8993
E05000183	4114	4226	4528	4547	4620	4712	4743
E05000184	4770	5030	5532	5529	5605	5677	5732
E05000185	3878	4046	4287	4269	4330	4400	4442
E05000186	3411	3469	3714	3724	4281	5058	5400
E05000187	4083	4173	4573	4576	4632	4721	4781
E05000188	7969	8033	8667	9039	9452	9714	10034
E05000189	8286	7645	8348	9133	11006	12954	15644
E05000190	8322	7909	9205	9350	9772	10339	11033
E05000191	8994	9502	9484	9461	9659	9764	9904
E05000192	8936	8962	9141	9159	9311	9584	9789
E05000193	8022	8373	9505	9706	9876	9910	9944
E05000194	5387	5312	5546	5594	5625	5665	5724
E05000195	753	749	818	824	865	915	954
E05000196	1220	1267	1330	1352	1436	1517	1561
E05000197	4926	4987	5773	5828	5885	5933	5997
E05000198	3106	3124	3472	3514	3548	3591	3645
E05000199	3982	4514	5089	5172	5273	5319	5365
E05000200	3592	3661	3896	3989	4125	4216	4277
E05000201	8185	8208	9103	9161	9215	9243	9270
E05000202	2457	2436	2565	2627	2683	2801	2889
E05000203	3386	3432	3678	3707	3742	3793	3844
E05000204	5911	6792	7606	7633	7675	7698	7721
E05000205	6925	7110	7852	7991	8135	8213	8264
E05000206	3726	3968	4445	4636	4939	5151	5278
E05000207	4430	4603	5092	5160	5232	5302	5371
E05000208	4596	4943	5414	5481	5545	5619	5656
E05000209	5012	5028	5299	5425	6026	6562	6715
E05000210	6341	6332	6722	6776	6812	6879	6924
E05000211	5726	5841	6390	6466	6522	6566	6589
E05000212	5733	6065	6604	6826	7569	9026	10407
E05000213	4510	4580	4890	4935	5017	5071	5126
E05000214	5099	5440	5927	6004	6115	6266	6435
E05000215	5706	5710	6057	6128	6220	6244	6197
E05000216	6277	6428	7114	7140	7212	7237	7188
E05000217	4942	4919	5139	5219	5315	5354	5354
E05000218	4873	4799	4912	4985	5205	5577	5753
E05000219	2540	2556	2723	2784	2864	2896	3048
E05000220	5607	5390	4308	4727	5813	6905	7379
E05000221	9110	10074	11791	11855	12017	12082	12050
E05000222	4529	5757	6566	6941	7793	8208	8248
E05000223	5159	5531	6043	6114	6212	6212	6191
E05000224	3950	3907	4117	4172	4329	4451	4512
E05000225	3027	3602	4124	5657	9461	12137	13584
E05000226	6106	6393	7174	7219	7366	7430	7409
E05000227	3448	3425	3580	3606	3673	3713	3739
E05000228	3049	4172	5052	5345	5703	6175	6839
E05000229	5782	6123	6698	7072	8358	9026	9026
E05000230	5103	6237	7565	8320	10126	12904	15465
E05009367	17410	15959	16581	18239	20726	22177	23628
E05009368	15778	18205	19419	19689	20498	21307	21577
E05009369	11576	12565	13060	13258	13653	14049	14247
E05009370	11028	12524	15328	16075	17010	18132	19066
E05009371	10953	12132	14828	15671	16850	18030	18367
E05009372	13362	14518	16060	16445	17216	17987	18629
E05009373	10408	11389	12764	12960	13746	14335	14531
E05009374	6916	6365	7283	7467	8507	9915	10650
E05009375	10839	12223	14298	14990	16258	17988	19141
E05009376	12545	13415	15030	15526	16147	17514	18383
E05009377	8500	9477	11431	12115	13092	14166	14850
E05009378	14197	15277	19752	20524	22067	22684	22684
E05009379	6473	6212	6577	6734	7204	7726	8195
E05009380	9437	10569	13117	13306	14060	14627	14910
E05009381	9141	10321	12188	12581	13269	13761	13957
E05009382	14576	16196	19204	19898	20823	21980	22906
E05009383	11707	12531	13108	13438	14427	15169	15829
E05009384	13139	12990	14035	14334	15379	16275	17022
E05009385	12372	13204	14452	14764	15284	15803	16115
E05009386	15114	15114	16297	16560	17217	17743	18269
E05009387	11013	10786	11353	12262	13738	14759	15895
E05000250	20728	19789	20818	20852	21359	21719	21899
E05000251	16000	16386	18623	18661	18885	19016	19148
E05000252	13161	13624	13663	13968	14388	14611	15057
E05000253	2270	2402	2677	2889	3288	3652	4045
E05000254	15644	16023	16468	16872	19462	20734	20734
E05000255	12763	13014	13735	14115	15619	16409	16592
E05000256	11305	11949	11401	11554	12450	13452	14215
E05000257	16259	17408	17621	17752	18021	18181	18261
E05000258	17712	18288	18263	19121	21175	23065	24797
E05000259	6593	6534	6593	6638	6900	7164	7384
E05000260	11776	11850	12111	12099	12279	12446	12558
E05000261	9591	9357	9374	9441	9677	10025	10415
E05000262	8712	9023	11207	11524	12871	14491	15323
E05000263	9876	10813	11421	11779	13153	14838	16195
E05000264	15661	16787	17197	17336	17580	18195	18502
E05000265	13586	14080	14862	15067	15361	15527	15638
E05000266	4132	4103	4553	4565	4629	4667	4763
E05000267	8115	8569	9955	10197	10352	10280	10388
E05000268	13186	14281	15535	15780	16283	16710	17244
E05000269	7741	7875	8678	8762	8956	8956	9060
E05000270	5827	5700	6304	6415	6581	6606	6731
E05000271	6960	8245	8524	8782	9291	9450	9514
E05000272	4269	4225	4690	4774	4970	5171	5451
E05000273	9868	10477	12098	12253	12762	12857	12999
E05000274	6200	6107	6563	6621	6956	7137	7228
E05000275	9628	10263	11423	11732	13952	16767	18113
E05000276	6859	7102	7680	7837	8448	8872	9322
E05000277	11885	12484	13439	14133	14856	15542	16136
E05000278	10466	10857	12397	12610	12938	12977	13208
E05000279	9783	9854	10834	11016	11154	11337	11566
E05000280	9046	9585	10775	11254	12246	13165	13864
E05000281	6852	7185	7924	8503	10042	10696	10984
E05000282	8720	9096	9613	9832	10221	10257	10399
E05000283	7240	7519	7947	8069	8270	8388	8623
E05000284	7915	8795	9752	10036	10921	11255	11488
E05000285	5459	5856	6443	6495	6584	6640	6725
E05000286	1822	1945	2239	2320	2497	2630	2728
E05000287	7162	7609	8374	8476	8908	9193	9300
E05000288	5473	6284	7192	7375	7823	8539	9227
E05000289	3051	3266	3471	3532	3639	3737	3821
E05000290	2288	2369	2495	2525	2582	2636	2713
E05000291	3142	3124	3294	3309	3370	3431	3508
E05000292	2943	2979	3094	3126	3352	3701	4080
E05000293	6541	6850	7665	7792	7972	8040	8142
E05000294	7856	8191	8794	8910	9029	9107	9224
E05000295	5922	6053	6376	6470	6602	6687	6801
E05000296	5709	6418	7500	7708	8290	8867	9110
E05000297	2975	3076	3082	3114	3173	3250	3311
E05000298	4135	4280	4476	4502	4562	4626	4711
E05000299	6352	6752	7468	7575	7715	7808	7901
E05000300	6700	6946	7322	7412	7583	7746	7844
E05000301	7405	7980	8600	8653	8766	8966	9165
E05000302	6826	7199	7461	7553	7683	7746	7842
E05000303	2130	2420	2534	2560	2669	2792	2870
E05000304	7651	8740	9616	9704	9950	10243	10410
E05000305	6536	6617	6899	7002	7097	7296	7461
E05000306	3105	3202	3581	3817	4438	5175	5556
E05000307	1869	1873	1922	1924	1930	1953	1968
E05000308	3301	3321	3410	3440	3479	3479	3479
E05000309	2466	2498	2596	2601	2606	2606	2606
E05000310	1811	1804	1901	1941	2075	2172	2204
E05000311	5090	5031	4989	5058	5111	5151	5192
E05000312	1588	1640	1673	1741	1897	2009	2055
E05000313	1267	1244	1334	1341	1354	1370	1380
E05000314	3455	3484	3689	3781	3923	3967	3952
E05000315	4279	4395	4486	4522	4573	4624	4642
E05000316	4141	4108	4273	4291	4322	4355	4355
E05000317	3249	3226	3287	3293	3287	3351	3401
E05000318	792	801	818	838	880	916	942
E05000319	4625	4956	5585	6047	6842	7784	8517
E05000320	4800	4856	5005	5056	5099	5286	5398
E05000321	2005	2094	2156	2388	3139	3630	3717
E05000322	4469	4645	4997	5037	5073	5073	5054
E05000323	564	567	572	575	583	603	623
E05000324	5618	5992	6397	6547	6727	6822	6893
E05000325	2888	2951	3473	3583	3759	3874	3931
E05000326	3281	3692	4242	4442	4501	4516	4593
E05000327	5668	5670	5842	5969	6040	6190	6289
E05000328	3900	4062	4270	4386	4455	4522	4572
E05000329	2855	2816	3015	3075	3113	3125	3150
E05000330	473	473	489	503	522	545	565
E05000331	442	470	523	545	578	608	633
E05000332	3349	3418	3613	3736	3821	3835	3863
E05000333	1612	1610	1684	1722	1741	1757	1781
E05000334	5597	5487	5851	5968	6028	6078	6104
E05000335	1440	1420	1426	1455	1480	1514	1554
E05000336	3290	3286	3500	3583	3620	3650	3665
E05000337	4566	4880	5421	5606	5749	5822	5876
E05000338	1483	1552	1678	1725	1773	1860	1934
E05000339	3373	3651	4059	4180	4288	4359	4416
E05000340	2553	2535	2618	2738	3329	3814	4008
E05000341	3725	4142	4511	4765	4848	4945	5121
E05000342	3366	3548	4154	4283	4383	4426	4469
E05000343	2359	2289	2439	2558	2678	2701	2735
E05000344	5213	5454	5902	6042	6160	6225	6268
E05000345	2797	2864	3257	3362	3468	3667	3841
E05000346	2315	2447	2866	2902	2934	2979	3046
E05000347	3491	3847	4586	4828	5459	6030	6379
E05000348	5181	5501	5598	5684	5746	5819	5966
E05000349	5821	5947	6028	6086	6106	6158	6210
E05000350	4108	4170	4548	4635	4695	4768	4970
E05000351	2881	3015	3427	3488	3590	3767	3944
E05000352	3709	3947	4920	4966	4998	5077	5156
E05000353	3480	3492	3790	3827	3851	3913	4022
E05000354	2895	2830	3127	3257	3373	3441	3619
E05000355	6677	6853	7330	7462	7835	8132	8250
E05000356	5366	5574	6022	6124	6338	6678	6872
E05000357	3018	3053	3267	3312	3358	3436	3541
E05000358	6402	7252	8795	9127	10122	11592	12630
E05000359	4098	4490	5320	5426	5680	6021	6219
E05000360	5921	6082	6396	6495	6536	6564	6648
E05000361	6542	6847	7839	8227	8579	8857	9104
E05000362	5594	5810	6128	6173	6229	6433	6712
E05000363	1696	1754	2087	2118	2166	2222	2278
E05000364	3656	4140	5015	5136	5492	5860	6080
E05000365	5906	6349	6499	6636	6781	6923	7149
E05000366	12709	13019	14757	15205	16022	16684	17226
E05000367	9514	10850	13532	14589	16949	18196	18704
E05000368	10430	10245	12279	12793	13511	14171	14787
E05000369	12512	13777	14990	15279	15671	16105	16601
E05000370	10722	11843	12331	12882	14046	14850	15440
E05000371	13915	14178	15716	16265	18117	19263	19754
E05000372	10465	10559	11606	11805	12350	13044	13640
E05000373	11085	11931	13949	14560	15427	15981	16489
E05000374	14126	13241	14308	14674	15217	15763	16309
E05000375	11351	12197	14870	15485	16208	16704	17200
E05000376	10754	10628	11727	12197	12993	13771	14404
E05000377	14030	14681	15663	16030	16812	17477	18021
E05000378	13478	13459	14719	15127	16020	16670	17143
E05000379	12438	12549	13359	13903	15202	16008	16469
E05000380	13818	13700	14620	15485	17026	17828	18260
E05000381	15024	14972	15731	16103	16673	17204	17734
E05009388	15454	16617	16783	17282	18445	20605	21602
E05009389	10112	10205	9363	9363	9456	9643	9737
E05009390	9377	9670	9280	9280	9573	9963	10159
E05009391	18788	17672	16184	16370	16742	17858	18416
E05009392	19393	20005	19801	19801	20005	20209	20005
E05009393	17743	17906	16278	16441	16766	16766	16929
E05009394	7754	8092	7867	7979	8204	8766	9665
E05009395	22602	21772	20736	20943	21980	23224	24261
E05009396	15756	16472	15756	16293	17904	21306	24887
E05009397	8649	9361	8954	8954	9158	9463	9565
E05009398	11738	11738	11546	11546	11738	11931	11931
E05009399	15443	15802	15802	15982	16341	16700	16700
E05009400	17074	17332	15522	15780	16039	16039	16039
E05009401	16318	17692	16318	16490	16833	17005	17177
E05009402	12943	12943	13500	13500	13639	13639	13639
E05009403	11444	11444	10674	10784	10894	11114	11224
E05009404	12547	12965	12965	13174	13592	14010	14638
E05009405	13531	13946	14084	14084	14360	14636	14912
E05000400	3408	3384	3464	3558	3724	3911	4022
E05000401	6465	6494	6500	6662	6775	6912	7016
E05000402	5111	5205	5404	5504	5777	6070	6229
E05000403	7848	8884	10021	10402	11309	11832	12154
E05000404	4560	4447	4534	4625	4716	4767	4845
E05000405	1271	1307	1357	1385	1437	1516	1596
E05000406	2352	2416	2341	2414	2476	2601	2714
E05000407	5707	5862	5950	6054	6193	6314	6405
E05000408	4166	4950	5728	6014	6509	7212	7681
E05000409	6644	7074	7535	7766	7980	8277	8834
E05000410	5055	5068	5250	5343	5416	5527	5638
E05000411	4017	4027	4155	4233	4294	4386	4456
E05000412	7123	7287	7596	7872	7959	8141	8323
E05000413	6217	6139	6307	6482	6727	7058	7178
E05000414	3719	3710	3796	3970	4413	4837	5030
E05000415	5371	5550	6066	6165	6319	6477	6540
E05000416	7639	7375	7841	8601	9539	11035	12611
E05000417	11403	12477	14100	14477	15116	15381	16133
E05000418	9525	8864	9675	9951	10422	10683	10907
E05000419	12333	11564	12423	12902	13540	13674	13808
E05000420	12251	13737	13948	14262	15272	15645	15893
E05000421	15751	17389	17808	18666	19865	20159	20218
E05000422	8913	8306	8786	8789	9009	9232	9518
E05000423	6009	6903	7486	7588	7831	8003	8225
E05000424	9547	8868	10091	10191	10464	10702	10974
E05000425	13569	15248	16349	16782	17244	17338	17527
E05000426	9986	10616	12240	12886	15542	17837	18965
E05000427	11291	11858	13502	14021	15431	16137	16654
E05000428	8738	8564	10119	10306	10672	10845	11052
E05000429	15979	16712	17132	17431	17882	17940	17998
E05000430	10861	10541	11294	11596	12159	12671	13104
E05000431	8127	7531	8480	8587	8863	9069	9363
E05000432	9105	8837	10346	10427	10760	10967	11243
E05000433	12064	11451	11693	12330	13410	14523	15126
E05000434	7460	8096	9044	9064	9242	9407	9671
E05000435	13130	14339	15359	15599	15892	15941	16183
E05000436	11994	12158	12569	13245	14384	14650	14694
E05000437	4522	4597	4814	4882	5025	5122	5252
E05000438	5845	5792	6104	6291	6751	7117	7312
E05000439	8354	9497	10257	10715	11208	11297	11386
E05000440	7688	7827	8197	8298	8438	8492	8599
E05000441	8316	8215	8752	8823	8985	9072	9188
E05000442	6130	5906	6151	6223	6340	6424	6571
E05000443	9154	8962	10294	10904	13129	15749	17752
E05000444	7878	7401	8179	8271	8507	8617	8753
E05000445	5997	5828	6164	6238	6373	6457	6582
E05000446	7939	8839	9091	9321	9558	9620	9745
E05000447	6867	7348	8146	8268	8507	8619	8730
E05000448	6595	7352	8511	9179	10766	11712	12100
E05000449	8625	8365	8820	9353	11101	12409	13494
E05000450	8816	8809	9320	9414	9587	9647	9736
E05000451	7590	7341	8402	8851	9747	10279	10951
E05000452	9004	8579	9004	9139	9319	9491	9663
E05000453	9571	10043	10671	10956	11382	11544	11641
E05000454	6121	6073	6435	6588	6928	7107	7220
E05000455	6998	7385	7465	7541	7644	7787	7895
E05000456	4228	4079	4183	4236	4340	4430	4498
E05000457	8552	8950	9722	9968	10262	10532	10667
E05000458	3505	3584	3856	3903	4056	4223	4356
E05000459	8030	8066	8117	8239	8551	8724	8854
E05000460	8801	9042	9940	10071	10377	10684	10903
E05000461	10822	10779	11218	11341	11502	11558	11672
E05000462	7780	7686	7612	7716	7822	7906	7948
E05000463	8308	8359	8774	8916	9240	9494	9621
E05000464	6606	6437	6809	6963	7112	7213	7280
E05000465	4823	4824	5073	5142	5211	5294	5405
E05000466	5126	5237	5264	5331	5540	5898	6229
E05000467	4646	4566	4784	4894	5039	5108	5200
E05000468	5110	5147	5463	5524	5626	5762	5980
E05000469	5144	5106	5279	5341	5521	5764	5898
E05000470	5040	5174	5690	5738	5826	5961	6097
E05000471	8411	8764	9201	9254	9387	9526	9619
E05000472	1457	1428	1376	1398	1465	1545	1618
E05000473	4970	4900	5098	5162	5278	5380	5457
E05000474	4459	4487	4892	4931	5065	5216	5368
E05000475	2435	2360	2768	2891	3489	3931	4382
E05000476	13792	14480	17663	17727	17772	17881	18044
E05000477	5042	5153	6099	6434	7115	7624	8071
E05000478	6881	7484	9610	10856	13673	15363	16016
E05000479	5937	5785	6591	6893	7366	8384	9256
E05000480	12161	12781	15601	15623	15892	16231	16667
E05000481	12989	12939	15531	15639	15697	15586	15642
E05000482	7172	7332	8819	8915	9126	9210	9377
E05000483	10419	10778	13184	13213	13265	13184	13144
E05000484	12047	12117	14734	14995	15363	15741	16119
E05000485	18290	18416	21573	21638	21707	21439	21305
E05000486	16505	15945	19058	19138	19183	19058	19058
E05000487	7238	7516	8870	8907	9081	9318	9607
E05000488	9364	9738	11612	11628	11761	11724	11724
E05000489	13869	13332	15952	15958	16105	16054	16105
E05000490	8776	9520	12026	12056	12279	12387	12495
E05000491	1935	2436	3280	4143	5895	7498	8919
E05000492	3055	3311	4296	5345	8067	11361	14273
E05000493	9697	9791	10932	10942	11004	10968	11040
E05000494	9723	9687	11780	11933	12304	12640	12865
E05000495	1372	1555	1709	1777	1936	2070	2169
E05000496	7488	7752	8305	8485	8795	8992	9090
E05000497	4421	4340	4557	4590	4615	4654	4731
E05000498	7404	8484	9520	9663	10016	10313	10478
E05000499	6835	6812	7845	7931	8249	8418	8451
E05000500	4812	4918	5353	5423	5493	5574	5674
E05000501	9040	9424	11634	12469	15564	17844	18512
E05000502	5019	5109	5373	5463	5686	5915	6040
E05000503	2934	3315	3546	3578	3671	4005	4436
E05000504	5211	5457	5965	5994	6033	6125	6216
E05000505	6828	7308	8047	8114	8200	8443	8687
E05000506	2043	2114	2309	2358	2503	2698	2830
E05000507	10947	11783	13199	13607	15333	17428	18297
E05000508	6057	6476	7332	7381	7465	7571	7730
E05000509	3250	3273	3413	3442	3478	3543	3608
E05000510	6249	6940	7971	8118	8277	8513	9457
E05000511	4634	4891	5142	5234	5438	5586	5692
E05000512	5808	6342	7344	7764	8472	9336	10368
E05000513	5566	5645	6020	6070	6120	6171	6221
E05000514	7916	8302	9479	9730	10244	10843	11408
E05000515	2254	2229	2244	2250	2273	2331	2389
E05000516	3761	4013	3912	3953	3988	4044	4082
E05000517	1689	1754	1783	1794	1826	1869	1903
E05000518	4980	5106	5293	5352	5423	5501	5527
E05000519	1054	1091	1119	1135	1173	1232	1281
E05000520	1381	1376	1454	1475	1505	1549	1592
E05000521	4693	4659	4821	4894	4949	4975	5001
E05000522	3356	3575	3739	3812	3867	3904	3940
E05000523	5051	5218	5417	5508	5574	5627	5653
E05000524	2894	3316	3469	3514	3560	3636	3681
E05000525	5453	5886	5942	5977	6104	6294	6484
E05000526	3646	3898	3922	4012	4106	4180	4253
E05000527	5108	5324	5693	5855	6150	6430	6557
E05000528	3929	4098	4079	4135	4192	4267	4380
E05000529	5413	5742	5945	5938	6005	6093	6182
E05000530	2273	2347	2425	2462	2566	2636	2683
E05000531	5566	5787	5937	6029	6108	6165	6223
E05000532	4006	4260	4291	4342	4393	4433	4474
E05000533	5689	5768	6027	6122	6181	6212	6273
E05000534	12521	12986	14127	14350	14662	14983	15464
E05000535	13749	14145	15493	15919	16366	17494	18418
E05000536	8721	8928	9448	10281	12608	15325	16589
E05000537	16773	19770	18542	19301	20189	20921	21469
E05000538	3340	3347	3681	3659	3820	4067	4299
E05000539	11218	11567	12149	12055	12394	12736	12883
E05000540	10989	10005	10117	11117	13387	14390	14608
E05000541	15145	14610	14690	14756	17878	21579	22775
E05000542	10416	11159	12680	13674	14574	15438	16508
E05000543	9038	9099	9838	10132	10776	11333	11680
E05000544	16195	15869	16975	17866	19734	21054	21534
E05000545	8431	9287	10313	10347	10652	10878	11028
E05000546	13741	15431	16961	17322	18168	18685	18915
E05000547	5239	5548	6038	6002	6171	6415	6615
E05000548	11175	12123	13861	14933	17554	18945	19377
E05000549	8818	9165	10141	10635	11684	12713	13558
E05000550	12582	12062	14225	14529	14893	15098	15509
E05000551	8900	9114	9538	9718	10252	10552	10740
E05000552	8342	8767	9307	9996	12341	13685	14099
E05000553	9036	9556	11268	11501	12708	13572	13860
E05000554	3928	4043	4466	4469	4628	4897	5148
E05000555	2015	1999	2085	2107	2145	2215	2275
E05000556	3430	3187	3512	3551	3577	3626	3692
E05000557	4221	4227	4329	4404	4457	4671	4843
E05000558	4916	4856	4991	5086	5188	5262	5312
E05000559	1389	1400	1389	1426	1482	1538	1602
E05000560	2481	2547	2633	2674	2710	2761	2824
E05000561	5375	5443	5611	5705	5768	5821	5899
E05000562	7283	7603	8051	8152	8252	8318	8385
E05000563	5243	5305	5445	5520	5546	5596	5672
E05000564	7745	7765	8432	8656	9042	9500	9806
E05000565	5204	5275	5550	5629	5684	5737	5791
E05000566	7038	7129	7589	7778	7903	8100	8493
E05000567	5667	5676	5948	6079	6172	6313	6453
E05000568	7077	7099	6909	7029	7111	7212	7313
E05000569	6207	6327	6639	6701	6762	6886	7009
E05000570	5646	5756	5966	6118	6228	6316	6432
E05000571	5283	5432	5721	5856	6379	6695	6768
E05000572	5084	5230	6004	6076	6157	6234	6285
E05009317	14997	15739	17304	17964	18376	18952	19529
E05009318	6575	7978	10490	11450	16326	20980	22900
E05009319	4876	5734	8038	8198	8949	10235	11306
E05009320	8040	8487	9752	9975	10050	10124	10273
E05009321	14508	15167	17475	19783	25718	29510	30664
E05009322	9740	10030	11920	13955	19334	22823	23695
E05009323	5166	6227	8987	9624	10969	13870	16134
E05009324	7607	9204	13054	13994	16905	21507	24512
E05009325	9290	10707	11809	12439	14801	17635	18737
E05009326	16112	17135	19948	20459	21482	23272	24295
E05009327	10535	11358	12757	13416	15062	16461	17037
E05009328	7479	8342	10067	10643	12512	14670	15533
E05009329	13253	14873	16640	17082	17524	17818	18260
E05009330	9741	9835	10678	11052	11989	13206	13768
E05009331	14946	15315	16422	17068	17806	19559	20666
E05009332	14158	14470	17426	17737	17892	19137	19915
E05009333	11772	12322	13752	14742	15732	16613	16943
E05009334	15427	16970	19129	20055	21598	22986	23603
E05009335	17176	17028	18953	20285	23543	25172	25172
E05009336	11565	11982	13649	14691	16775	18650	19275
E05000590	13580	14402	16203	16506	16786	16844	16786
E05000591	10264	10641	12108	12369	12771	13007	13196
E05000592	6108	6472	7675	7787	7972	8189	8540
E05000593	2589	2595	2777	2813	2885	2965	3072
E05000594	5284	5288	5541	5655	5849	5977	6080
E05000595	5362	5633	6395	6544	6747	6923	7200
E05000596	13061	13953	16410	16792	17303	17637	17861
E05000597	4367	4512	4879	5039	5241	5348	5454
E05000598	4159	4267	4615	4677	4801	4904	5008
E05000599	3743	3939	4658	4754	5018	5394	5803
E05000600	3539	3627	4129	4271	4734	5169	5433
E05000601	10772	10982	12772	13022	13363	13545	13727
E05000602	5204	5148	5543	5693	6124	6390	6511
E05000603	4760	5117	5969	6043	6385	6668	6933
E05000604	6299	6222	7037	7197	7529	7947	8538
E05000605	8347	8850	9955	10138	10376	10529	10644
E05000606	7618	8081	9437	9961	10947	11770	12285
E05000607	5466	5487	5819	5898	6021	6172	6348
E05000608	11259	11779	13411	13568	14262	15513	16663
E05000609	6243	6465	7297	7460	7702	8081	8513
E05000610	11100	11728	12214	12334	12585	12791	12956
E05000611	7563	7989	8117	8242	8505	8671	8782
E05000612	9619	10219	11045	11223	11615	11793	12042
E05000613	8632	8887	9377	9600	10122	10402	10557
E05000614	9158	9938	10600	10835	11249	11573	12078
E05000615	9963	10454	10987	11089	11341	11517	11729
E05000616	13648	13942	15082	15304	15774	16169	16466
E05000617	12093	12942	14216	14496	14955	15416	15970
E05000618	11486	11784	11973	12008	12419	12703	12866
E05000619	8058	8759	8983	9029	9520	9938	10237
E05000620	4512	4795	5670	6333	9024	12481	15299
E05000621	3040	3494	3650	3864	4091	4249	4475
E05000622	11959	13152	15330	15691	16576	17223	17592
E05000623	13873	14533	15033	15181	15561	15825	15930
E05000624	9674	10122	10723	10806	11347	11806	12035
E05000625	7833	8365	9008	9107	9671	10063	10334
E05000626	8655	9134	10155	10577	10999	11217	11530
E05000627	5100	5096	5552	5711	6329	6872	7125
E05000628	8869	8894	9788	9879	10204	10441	10619
E05000629	7171	7582	8010	8177	8470	8687	8876
E05000630	9681	9558	10275	10381	10777	11097	11279
E05000631	17613	19367	19827	20056	20405	20790	21078
E05000632	15211	17802	16593	17152	17700	18045	18253
E05000633	16379	18211	18705	19595	21807	23551	24133
E05000634	22928	26481	26542	26985	27107	27559	27785
E05000635	19262	22386	24305	24599	25011	25111	25414
E05000636	12092	13205	13035	13633	15547	16490	16647
E05000637	2852	2974	2587	2742	2949	3186	3422
E05000638	21321	22821	20925	21469	22114	22352	22431
E05000639	14121	15824	16710	17019	17966	18750	18985
E05000640	16714	16970	15786	16055	16947	17488	17720
E05000641	9889	10589	10339	10811	11388	11787	12087
E05000642	17386	19952	21497	21968	22524	22696	22781
E05000643	5431	5820	5364	5465	5697	6073	6339
E05000644	3039	3502	3383	3621	4119	4511	4777
E05000645	26280	25220	23030	23635	24161	24302	24443
E05000646	16060	16435	16817	17308	18498	19003	19171
E05000647	14297	16060	16389	16792	17261	17436	17697
E05000648	16483	19153	18848	19210	20179	21287	21879
E05000649	4501	5522	5301	5487	5776	6151	6426